27/01/2001,1,2,5,20,27,33
03/02/2001,1,2,11,15,32,34
10/02/2001,11,13,27,30,32,39
17/02/2001,15,20,21,29,32,44
24/02/2001,3,6,16,22,38,44
03/03/2001,17,21,26,31,39,40
10/03/2001,1,12,22,29,31,33
17/03/2001,5,14,18,38,40,45
24/03/2001,4,19,25,28,39,41
31/03/2001,1,6,13,18,25,41
07/04/2001,1,3,15,18,27,37
14/04/2001,3,6,13,24,29,31
21/04/2001,4,14,15,17,21,25
28/04/2001,1,10,19,33,36,40
05/05/2001,5,10,21,26,34,40
12/05/2001,4,6,15,20,32,43
19/05/2001,1,18,19,21,39,43
26/05/2001,17,24,30,38,43,44
02/06/2001,8,15,23,29,30,37
09/06/2001,6,7,12,13,16,25
16/06/2001,3,10,11,14,36,41
23/06/2001,2,5,15,21,31,41
30/06/2001,9,28,33,34,38,45
07/07/2001,12,20,23,32,37,40
11/07/2001,9,11,21,34,39,42
14/07/2001,8,24,33,36,38,44
18/07/2001,14,18,21,22,28,34
21/07/2001,9,18,21,28,41,43
25/07/2001,5,10,18,24,30,44
28/07/2001,11,12,21,36,40,41
01/08/2001,13,19,21,24,40,43
04/08/2001,11,15,26,32,35,36
08/08/2001,10,11,21,30,44,45
11/08/2001,13,16,21,25,29,43
15/08/2001,3,12,14,37,40,44
18/08/2001,1,16,19,25,38,44
22/08/2001,2,4,9,16,17,23
25/08/2001,4,5,8,13,15,36
29/08/2001,3,4,9,10,12,42
01/09/2001,13,23,25,27,38,40
05/09/2001,24,27,36,37,41,43
08/09/2001,14,18,22,28,32,35
12/09/2001,18,28,30,32,34,37
15/09/2001,1,6,7,12,27,34
19/09/2001,4,15,25,29,30,44
22/09/2001,2,14,21,28,33,37
26/09/2001,1,7,11,12,24,39
29/09/2001,4,9,13,28,32,43
03/10/2001,1,6,11,13,19,36
06/10/2001,8,15,16,22,34,38
10/10/2001,14,17,28,37,41,43
13/10/2001,15,24,25,33,37,43
17/10/2001,2,12,14,18,31,45
20/10/2001,13,15,22,28,30,38
24/10/2001,13,17,27,31,39,42
27/10/2001,2,18,22,33,35,45
31/10/2001,5,7,10,15,16,22
03/11/2001,3,15,20,28,30,40
07/11/2001,2,8,24,26,36,45
10/11/2001,11,13,16,34,37,40
14/11/2001,7,9,22,25,32,37
17/11/2001,19,21,23,24,31,44
21/11/2001,6,18,25,29,31,42
24/11/2001,19,20,22,32,41,45
28/11/2001,16,17,19,29,31,33
01/12/2001,17,22,24,28,34,37
05/12/2001,17,19,20,21,34,35
08/12/2001,2,9,27,33,36,41
12/12/2001,5,7,17,29,31,32
15/12/2001,3,13,27,33,42,43
19/12/2001,11,13,16,33,39,40
22/12/2001,1,9,14,15,25,43
26/12/2001,6,12,30,33,38,43
29/12/2001,8,10,12,24,28,31
02/01/2002,12,14,30,32,38,41
05/01/2002,19,20,21,22,23,33
09/01/2002,2,9,19,27,33,45
12/01/2002,1,21,29,30,36,42
16/01/2002,6,7,17,33,39,44
19/01/2002,9,10,31,38,42,44
23/01/2002,2,7,17,32,41,44
26/01/2002,2,4,16,28,33,34
30/01/2002,10,16,20,26,35,37
02/02/2002,1,10,21,23,33,38
06/02/2002,6,11,23,24,36,42
09/02/2002,6,7,9,15,19,33
13/02/2002,1,5,7,10,16,32
16/02/2002,18,23,24,34,37,42
20/02/2002,3,6,26,33,34,44
23/02/2002,16,21,27,35,39,42
27/02/2002,4,5,28,39,42,44
02/03/2002,6,11,18,28,29,42
06/03/2002,9,14,18,30,32,37
09/03/2002,8,16,25,26,27,39
13/03/2002,5,7,23,29,30,40
16/03/2002,1,3,24,28,32,43
20/03/2002,1,4,18,27,34,42
23/03/2002,3,19,24,29,41,45
27/03/2002,6,12,26,30,35,37
30/03/2002,9,22,30,33,38,41
03/04/2002,14,16,17,26,28,41
06/04/2002,9,10,24,26,33,40
10/04/2002,14,28,30,31,37,39
13/04/2002,1,16,18,36,39,40
17/04/2002,12,15,24,30,39,42
20/04/2002,1,4,27,30,36,42
24/04/2002,16,19,20,23,24,28
27/04/2002,6,13,18,21,30,36
04/05/2002,6,12,36,42,43,44
08/05/2002,3,12,16,26,30,41
11/05/2002,8,15,19,25,30,36
15/05/2002,1,18,23,27,30,34
18/05/2002,5,6,12,27,40,41
22/05/2002,3,11,26,40,42,45
25/05/2002,8,12,25,33,36,38
29/05/2002,1,2,12,15,25,36
01/06/2002,5,6,13,16,37,39
05/06/2002,5,6,25,27,35,38
08/06/2002,2,3,15,20,32,37
12/06/2002,8,11,13,29,42,45
15/06/2002,1,8,10,22,35,44
19/06/2002,2,20,24,28,31,38
22/06/2002,6,17,30,31,35,38
26/06/2002,8,25,31,35,39,44
29/06/2002,13,21,22,28,29,45
03/07/2002,3,26,35,40,43,45
06/07/2002,1,11,16,20,40,41
10/07/2002,1,27,36,38,41,43
13/07/2002,1,3,6,7,24,41
17/07/2002,4,8,13,27,41,43
20/07/2002,2,18,26,27,36,44
24/07/2002,7,12,15,26,28,35
27/07/2002,4,9,20,22,37,44
31/07/2002,5,8,13,18,19,24
03/08/2002,2,4,9,12,42,44
07/08/2002,8,14,21,28,30,43
10/08/2002,1,3,12,19,27,42
14/08/2002,5,9,10,14,18,31
17/08/2002,9,10,22,23,28,32
21/08/2002,12,15,16,19,42,44
24/08/2002,15,18,19,38,40,42
28/08/2002,15,16,26,33,38,44
31/08/2002,3,9,12,34,35,45
04/09/2002,8,13,21,34,41,42
07/09/2002,5,9,10,18,29,45
11/09/2002,1,6,23,30,33,38
14/09/2002,8,17,19,25,39,42
18/09/2002,6,18,19,23,32,33
21/09/2002,4,11,19,26,27,35
25/09/2002,10,20,21,23,28,35
28/09/2002,16,18,22,40,41,43
02/10/2002,3,5,9,15,31,37
05/10/2002,6,30,37,38,42,44
09/10/2002,16,20,26,35,41,42
12/10/2002,8,11,23,30,40,45
16/10/2002,5,15,18,34,35,36
19/10/2002,3,4,10,11,17,30
23/10/2002,6,14,16,18,20,26
26/10/2002,1,7,11,15,17,24
30/10/2002,2,24,27,32,39,44
02/11/2002,17,21,27,28,43,44
06/11/2002,2,4,14,32,35,38
09/11/2002,4,5,19,24,31,35
13/11/2002,3,13,32,39,40,41
16/11/2002,3,5,11,15,23,27
20/11/2002,1,9,10,28,32,37
23/11/2002,11,13,17,33,37,42
27/11/2002,11,16,26,30,35,44
30/11/2002,10,16,35,37,41,43
04/12/2002,2,4,11,22,29,33
07/12/2002,15,22,29,42,44,45
11/12/2002,26,28,30,31,32,42
14/12/2002,2,9,16,25,32,35
18/12/2002,12,15,21,27,38,45
21/12/2002,3,15,19,24,25,38
25/12/2002,6,12,13,25,31,44
28/12/2002,4,7,23,39,40,45
01/01/2003,3,5,11,14,24,27
04/01/2003,8,11,14,28,41,43
08/01/2003,5,13,20,30,33,39
11/01/2003,3,5,7,9,16,29
15/01/2003,5,13,17,23,24,25
18/01/2003,4,7,26,36,37,43
22/01/2003,4,10,14,21,33,43
25/01/2003,7,18,21,30,31,39
29/01/2003,11,17,23,24,25,38
01/02/2003,10,11,16,25,31,40
05/02/2003,5,20,21,25,30,42
08/02/2003,2,4,8,23,27,32
12/02/2003,3,10,20,33,35,36
15/02/2003,19,21,32,33,42,44
19/02/2003,1,3,11,14,28,34
22/02/2003,13,18,23,31,36,42
26/02/2003,3,4,19,21,26,29
01/03/2003,1,5,16,19,25,42
05/03/2003,3,4,6,7,26,29
08/03/2003,3,5,28,40,44,45
12/03/2003,5,7,12,17,19,21
15/03/2003,3,5,10,31,40,41
19/03/2003,5,17,20,22,36,38
22/03/2003,3,10,17,31,38,39
26/03/2003,17,23,24,26,41,43
29/03/2003,1,2,18,23,34,38
02/04/2003,16,28,33,35,41,42
05/04/2003,4,20,25,26,28,40
09/04/2003,15,16,29,31,34,41
12/04/2003,7,12,17,33,39,40
16/04/2003,5,7,16,30,33,40
19/04/2003,13,22,32,33,39,45
23/04/2003,10,15,19,34,36,43
26/04/2003,2,22,25,26,32,37
30/04/2003,3,10,13,15,31,42
03/05/2003,8,13,20,21,24,26
07/05/2003,14,22,23,35,41,44
10/05/2003,27,28,33,39,42,43
14/05/2003,9,19,25,28,34,45
17/05/2003,7,9,14,19,30,32
21/05/2003,14,15,19,20,38,44
24/05/2003,1,9,11,19,25,45
28/05/2003,3,8,15,16,19,20
31/05/2003,1,20,24,27,32,40
04/06/2003,1,2,6,15,32,40
07/06/2003,4,14,25,32,34,36
11/06/2003,1,4,11,13,19,25
14/06/2003,1,11,26,34,39,41
18/06/2003,7,19,24,35,39,45
21/06/2003,28,30,33,34,35,44
25/06/2003,20,23,33,37,40,42
28/06/2003,3,11,17,26,28,38
02/07/2003,4,14,20,27,30,33
05/07/2003,12,17,22,26,27,36
09/07/2003,1,2,23,28,32,40
12/07/2003,9,24,27,28,32,39
16/07/2003,2,3,5,15,26,43
19/07/2003,10,19,24,27,28,36
23/07/2003,14,23,26,30,36,41
26/07/2003,3,22,23,31,36,37
30/07/2003,9,22,26,35,40,43
02/08/2003,2,5,7,12,28,30
06/08/2003,1,3,7,12,40,45
09/08/2003,3,9,16,17,37,44
13/08/2003,5,16,22,26,27,44
16/08/2003,7,18,23,30,31,37
20/08/2003,8,11,15,16,42,43
23/08/2003,4,6,26,36,37,38
27/08/2003,2,11,16,18,20,42
30/08/2003,7,8,9,14,32,42
03/09/2003,14,15,16,19,23,29
06/09/2003,2,3,24,32,42,44
10/09/2003,6,9,10,21,28,31
13/09/2003,6,18,22,27,37,40
17/09/2003,19,20,26,41,42,44
20/09/2003,8,14,18,22,28,40
24/09/2003,10,21,24,26,30,44
27/09/2003,2,7,9,17,28,41
01/10/2003,3,4,6,14,15,25
04/10/2003,21,23,27,33,40,45
08/10/2003,7,20,33,36,39,42
11/10/2003,6,12,21,32,36,43
15/10/2003,3,4,11,27,35,38
18/10/2003,2,10,12,18,29,42
22/10/2003,11,27,32,39,42,45
25/10/2003,3,10,12,21,23,28
29/10/2003,3,21,28,30,32,38
01/11/2003,10,21,22,24,25,44
05/11/2003,15,19,31,32,39,43
08/11/2003,1,11,14,16,17,18
12/11/2003,1,7,8,19,29,34
15/11/2003,3,4,17,20,23,30
19/11/2003,4,12,13,25,38,42
22/11/2003,5,7,12,14,35,43
26/11/2003,10,24,29,40,42,44
29/11/2003,2,25,30,33,43,45
03/12/2003,2,5,10,31,35,41
06/12/2003,5,7,11,26,31,32
10/12/2003,2,5,6,16,21,33
13/12/2003,2,13,16,20,22,43
17/12/2003,27,33,34,40,41,43
20/12/2003,5,7,16,20,29,42
24/12/2003,17,20,23,24,28,37
27/12/2003,4,10,21,24,27,32
31/12/2003,2,16,20,21,26,29
03/01/2004,21,22,27,31,41,42
07/01/2004,7,9,15,26,37,41
10/01/2004,3,4,13,30,31,36
14/01/2004,2,5,13,16,31,34
17/01/2004,13,19,28,34,36,45
21/01/2004,1,6,14,15,18,44
24/01/2004,11,12,25,31,36,37
28/01/2004,17,21,23,25,28,36
31/01/2004,6,8,29,35,43,45
04/02/2004,2,13,16,22,39,41
07/02/2004,6,8,17,32,34,42
11/02/2004,3,19,20,24,37,45
14/02/2004,16,21,22,27,38,43
18/02/2004,5,9,14,17,21,41
21/02/2004,3,6,7,13,21,28
25/02/2004,1,3,20,32,37,45
28/02/2004,14,18,19,30,35,41
03/03/2004,12,25,28,33,35,43
06/03/2004,1,4,7,24,36,43
10/03/2004,9,15,18,19,22,43
13/03/2004,3,6,20,22,33,36
17/03/2004,2,7,15,26,33,36
20/03/2004,6,7,30,37,41,43
24/03/2004,6,31,32,36,42,45
27/03/2004,9,18,21,29,37,41
31/03/2004,5,25,37,40,42,43
03/04/2004,14,18,22,31,37,44
07/04/2004,10,12,26,30,31,38
10/04/2004,14,18,20,21,37,43
14/04/2004,1,2,13,21,29,34
17/04/2004,5,8,9,24,35,44
21/04/2004,11,15,22,26,28,43
24/04/2004,6,22,24,33,40,44
28/04/2004,10,15,23,24,38,40
01/05/2004,10,25,30,36,40,45
05/05/2004,2,8,15,27,35,44
08/05/2004,10,16,21,31,42,43
12/05/2004,2,6,12,25,35,37
15/05/2004,6,9,19,34,35,38
19/05/2004,9,15,34,35,37,42
22/05/2004,4,9,24,27,29,31
26/05/2004,4,18,21,32,36,39
29/05/2004,4,10,14,24,26,38
02/06/2004,5,12,14,24,36,44
05/06/2004,1,2,7,13,35,44
09/06/2004,3,5,7,18,31,40
12/06/2004,11,14,15,16,20,31
16/06/2004,17,21,31,33,36,40
19/06/2004,16,23,24,28,32,44
23/06/2004,6,8,15,19,36,37
26/06/2004,8,12,31,33,40,45
30/06/2004,3,9,12,13,37,40
03/07/2004,18,23,31,35,38,45
07/07/2004,8,10,16,19,23,41
10/07/2004,1,26,27,28,37,39
14/07/2004,4,9,14,26,27,33
17/07/2004,5,13,21,22,33,43
21/07/2004,7,17,20,22,34,37
24/07/2004,5,16,21,24,26,29
28/07/2004,1,11,19,27,38,41
31/07/2004,2,6,9,31,32,36
04/08/2004,8,11,14,28,31,43
07/08/2004,7,15,21,22,28,34
11/08/2004,4,5,12,33,40,43
14/08/2004,7,9,19,21,29,43
18/08/2004,16,24,38,40,42,44
21/08/2004,3,6,24,29,31,37
25/08/2004,2,10,17,29,33,42
28/08/2004,6,17,19,22,28,41
01/09/2004,12,22,25,26,33,42
04/09/2004,2,10,11,24,42,44
08/09/2004,21,33,36,37,40,45
11/09/2004,5,13,16,26,28,31
15/09/2004,4,9,11,37,39,41
18/09/2004,18,21,33,36,37,42
22/09/2004,3,15,24,31,36,39
25/09/2004,24,30,31,33,34,39
29/09/2004,1,5,8,33,35,42
02/10/2004,16,17,21,35,39,41
06/10/2004,8,10,21,22,39,44
09/10/2004,2,34,37,42,44,45
13/10/2004,5,6,19,21,29,36
16/10/2004,8,14,19,25,26,37
20/10/2004,11,26,29,36,38,45
23/10/2004,4,13,14,22,33,38
27/10/2004,7,24,28,32,36,44
30/10/2004,7,16,23,38,41,45
03/11/2004,8,29,36,38,44,45
06/11/2004,4,8,14,23,25,31
10/11/2004,3,4,6,12,21,43
13/11/2004,2,3,6,13,16,26
17/11/2004,8,12,29,34,35,37
20/11/2004,3,10,12,14,38,45
24/11/2004,10,15,18,21,28,35
27/11/2004,10,20,27,29,33,44
01/12/2004,5,8,11,21,42,45
04/12/2004,20,22,31,38,44,45
08/12/2004,5,6,12,14,18,40
11/12/2004,2,15,24,28,30,37
15/12/2004,3,13,29,33,43,44
18/12/2004,11,12,25,30,37,42
22/12/2004,11,20,25,37,42,45
25/12/2004,18,20,28,39,40,41
29/12/2004,11,16,18,20,42,45
01/01/2005,21,25,34,37,44,45
05/01/2005,1,7,21,23,40,41
08/01/2005,15,16,18,20,35,36
12/01/2005,7,22,27,34,35,42
15/01/2005,2,25,28,31,38,44
19/01/2005,4,14,25,30,39,43
22/01/2005,3,4,11,14,30,32
26/01/2005,2,8,17,26,35,40
29/01/2005,13,24,27,33,35,42
02/02/2005,5,11,15,16,20,32
05/02/2005,6,14,16,26,36,40
09/02/2005,11,18,24,25,29,40
12/02/2005,3,23,28,33,35,40
16/02/2005,7,14,21,27,33,43
19/02/2005,6,13,26,39,41,42
23/02/2005,14,17,21,25,36,38
26/02/2005,4,15,17,27,35,37
02/03/2005,4,16,29,32,33,38
05/03/2005,1,8,23,24,26,45
09/03/2005,5,10,12,25,30,35
12/03/2005,7,10,29,33,35,43
16/03/2005,3,16,18,30,36,43
19/03/2005,5,10,32,38,40,43
23/03/2005,8,10,13,14,15,36
26/03/2005,7,17,26,39,41,42
30/03/2005,1,13,15,26,30,38
02/04/2005,8,18,21,24,39,40
06/04/2005,3,5,12,20,34,45
09/04/2005,15,22,25,30,37,38
13/04/2005,6,14,15,16,26,41
16/04/2005,17,18,19,26,34,38
20/04/2005,1,4,9,10,17,41
23/04/2005,5,21,23,31,34,43
27/04/2005,2,6,8,29,33,44
30/04/2005,8,16,18,19,24,44
04/05/2005,1,4,7,11,17,20
07/05/2005,8,9,12,30,37,39
11/05/2005,7,9,10,33,38,40
14/05/2005,3,13,14,28,34,40
18/05/2005,3,11,19,20,21,36
21/05/2005,5,13,20,30,42,44
25/05/2005,4,11,23,31,32,36
28/05/2005,5,10,16,18,29,36
01/06/2005,1,4,25,31,34,42
04/06/2005,7,12,14,15,27,32
08/06/2005,1,8,23,24,35,44
11/06/2005,4,10,13,14,23,24
15/06/2005,2,3,12,13,16,31
18/06/2005,7,8,12,21,37,45
22/06/2005,14,16,25,31,36,38
25/06/2005,2,3,13,33,35,43
29/06/2005,9,10,13,20,31,33
02/07/2005,10,11,19,27,43,44
06/07/2005,4,10,13,15,19,41
09/07/2005,3,8,13,24,27,35
13/07/2005,7,10,12,24,25,27
16/07/2005,8,16,18,25,30,44
20/07/2005,4,14,24,30,41,43
23/07/2005,2,6,8,32,35,43
27/07/2005,5,23,24,27,30,43
30/07/2005,4,11,22,26,29,33
03/08/2005,2,3,4,15,19,42
06/08/2005,2,14,22,32,33,43
10/08/2005,2,5,9,20,24,33
13/08/2005,2,4,23,26,30,32
17/08/2005,5,18,19,30,31,42
20/08/2005,1,6,17,32,33,34
24/08/2005,6,13,25,27,37,39
27/08/2005,1,3,12,18,21,24
31/08/2005,2,12,18,22,43,45
03/09/2005,3,7,11,17,26,27
07/09/2005,10,19,32,43,44,45
10/09/2005,12,13,19,41,42,45
14/09/2005,3,12,21,27,29,43
17/09/2005,6,8,15,24,31,34
21/09/2005,3,5,22,26,31,35
24/09/2005,6,7,34,37,38,43
28/09/2005,2,3,4,18,35,41
01/10/2005,4,7,11,18,27,31
05/10/2005,4,13,18,22,27,42
08/10/2005,2,15,16,24,28,30
12/10/2005,10,14,18,22,27,45
15/10/2005,14,17,25,29,32,38
19/10/2005,4,15,17,26,35,45
22/10/2005,4,16,18,22,23,35
26/10/2005,10,22,27,40,41,43
29/10/2005,10,12,24,40,43,44
02/11/2005,3,16,19,20,41,44
05/11/2005,2,6,24,28,42,44
09/11/2005,3,5,10,15,27,43
12/11/2005,15,21,22,25,32,42
16/11/2005,11,19,22,25,35,42
19/11/2005,3,20,23,28,31,45
23/11/2005,5,6,22,26,28,31
26/11/2005,7,29,32,39,40,41
30/11/2005,4,14,15,19,29,34
03/12/2005,3,6,9,13,41,42
07/12/2005,2,17,24,36,41,42
10/12/2005,3,10,11,21,28,32
14/12/2005,6,20,22,30,32,40
17/12/2005,7,13,25,31,40,45
21/12/2005,18,20,35,36,37,44
24/12/2005,29,33,39,40,41,45
28/12/2005,6,25,26,27,34,35
31/12/2005,2,4,8,10,30,39
04/01/2006,9,20,22,27,33,45
07/01/2006,7,16,32,34,35,41
11/01/2006,5,6,18,21,29,34
14/01/2006,2,5,10,20,39,42
18/01/2006,2,20,23,32,34,38
21/01/2006,7,8,9,23,39,43
25/01/2006,5,25,34,39,41,44
28/01/2006,9,18,22,28,35,44
01/02/2006,1,11,12,25,27,44
04/02/2006,7,13,25,32,36,45
08/02/2006,2,5,17,23,24,25
11/02/2006,11,14,21,34,35,43
15/02/2006,16,20,23,30,33,45
18/02/2006,15,21,22,30,37,41
22/02/2006,2,21,27,33,37,43
25/02/2006,15,25,30,31,33,40
01/03/2006,2,3,5,26,40,41
04/03/2006,4,5,6,10,29,38
08/03/2006,4,8,9,10,23,32
11/03/2006,11,19,20,21,23,30
15/03/2006,8,10,23,28,29,43
18/03/2006,4,15,23,34,43,44
22/03/2006,8,9,13,17,35,41
25/03/2006,15,32,33,35,38,39
29/03/2006,10,13,15,17,22,37
01/04/2006,1,8,18,26,27,42
05/04/2006,4,6,23,32,34,42
08/04/2006,5,12,25,33,42,43
12/04/2006,9,29,30,37,38,39
15/04/2006,2,7,10,21,38,45
19/04/2006,10,12,18,20,22,35
22/04/2006,2,13,15,19,22,45
26/04/2006,2,13,14,30,39,42
29/04/2006,2,10,17,31,38,44
03/05/2006,30,37,38,42,43,45
06/05/2006,2,20,22,23,25,33
10/05/2006,9,12,20,30,34,35
13/05/2006,5,18,25,30,38,44
17/05/2006,5,12,17,27,36,40
20/05/2006,14,19,20,24,28,39
24/05/2006,4,25,30,31,33,37
27/05/2006,3,30,37,38,39,43
31/05/2006,16,19,21,30,35,43
03/06/2006,4,10,18,26,33,40
07/06/2006,2,10,21,23,33,39
10/06/2006,14,29,31,33,44,45
14/06/2006,3,17,21,23,25,29
17/06/2006,8,12,19,26,30,31
21/06/2006,4,15,21,24,29,42
24/06/2006,2,3,13,16,34,43
28/06/2006,4,5,31,33,36,37
01/07/2006,1,8,19,24,29,39
05/07/2006,3,4,14,16,27,32
08/07/2006,15,17,20,22,25,36
12/07/2006,11,12,19,24,33,38
15/07/2006,15,16,22,31,40,42
19/07/2006,2,4,13,15,23,26
22/07/2006,4,9,25,36,37,43
26/07/2006,5,6,10,20,27,43
29/07/2006,4,5,16,23,24,45
02/08/2006,1,7,12,17,18,41
05/08/2006,12,20,24,31,33,39
09/08/2006,2,11,21,23,28,42
12/08/2006,6,19,20,24,25,43
16/08/2006,24,27,28,32,41,43
19/08/2006,14,15,18,19,28,43
23/08/2006,1,8,17,30,31,32
26/08/2006,8,14,22,32,34,45
30/08/2006,7,11,14,16,17,21
02/09/2006,12,15,21,27,40,42
06/09/2006,19,37,38,40,41,43
09/09/2006,8,11,19,22,30,33
13/09/2006,8,17,32,39,41,45
16/09/2006,6,9,11,15,23,45
20/09/2006,10,24,29,30,37,39
23/09/2006,9,14,20,25,27,33
27/09/2006,6,11,12,27,33,38
30/09/2006,2,7,28,38,44,45
04/10/2006,11,12,13,15,17,18
07/10/2006,2,11,16,28,36,39
11/10/2006,3,12,16,30,39,40
14/10/2006,17,20,24,26,33,41
18/10/2006,17,27,28,32,33,37
21/10/2006,1,13,15,20,22,40
25/10/2006,2,9,25,31,35,44
28/10/2006,6,14,18,20,35,37
01/11/2006,11,26,35,40,43,45
04/11/2006,4,9,14,21,32,35
08/11/2006,7,8,27,31,36,39
11/11/2006,2,7,10,23,25,42
15/11/2006,2,8,27,28,33,39
18/11/2006,14,16,18,22,24,39
22/11/2006,2,16,20,25,29,41
25/11/2006,1,22,27,29,38,39
29/11/2006,7,23,28,38,43,45
02/12/2006,5,8,23,27,40,43
06/12/2006,5,9,11,17,26,27
09/12/2006,2,8,15,22,29,42
13/12/2006,7,10,14,23,35,40
16/12/2006,3,6,10,11,18,44
20/12/2006,24,29,31,39,41,43
23/12/2006,2,7,15,22,24,28
27/12/2006,6,17,29,38,41,42
30/12/2006,3,6,16,34,43,44
03/01/2007,4,5,15,16,32,40
06/01/2007,1,20,24,28,30,43
10/01/2007,1,7,18,30,32,34
13/01/2007,2,5,11,12,17,42
17/01/2007,19,28,30,33,34,36
20/01/2007,1,2,12,15,19,21
24/01/2007,9,21,24,30,35,36
27/01/2007,14,18,22,27,40,43
31/01/2007,4,8,11,24,38,45
03/02/2007,4,23,24,33,41,45
07/02/2007,14,20,29,32,39,41
10/02/2007,5,7,8,12,22,45
14/02/2007,3,11,13,25,27,36
17/02/2007,4,5,24,29,30,31
21/02/2007,2,11,24,26,30,32
24/02/2007,15,19,21,33,40,44
28/02/2007,9,22,25,31,39,42
03/03/2007,2,3,4,9,15,30
07/03/2007,3,4,9,18,20,32
10/03/2007,4,8,10,25,30,35
14/03/2007,4,6,18,23,25,37
17/03/2007,7,13,15,16,23,31
21/03/2007,11,17,20,22,39,45
24/03/2007,4,5,13,16,18,20
28/03/2007,1,2,25,27,43,45
31/03/2007,6,9,11,14,32,36
04/04/2007,4,6,17,18,22,38
07/04/2007,7,12,14,29,42,44
11/04/2007,3,9,14,16,19,20
14/04/2007,2,5,13,14,20,21
18/04/2007,18,21,26,28,32,39
21/04/2007,2,13,21,23,28,38
25/04/2007,1,6,20,34,36,43
28/04/2007,2,3,5,9,26,29
02/05/2007,1,3,4,7,30,43
05/05/2007,10,12,14,27,32,35
09/05/2007,5,23,25,31,33,41
12/05/2007,7,10,11,23,24,37
16/05/2007,2,4,10,26,34,41
19/05/2007,3,7,11,23,36,38
23/05/2007,24,32,34,40,42,45
26/05/2007,3,7,17,19,33,41
30/05/2007,9,21,22,32,33,35
02/06/2007,2,9,20,23,28,35
06/06/2007,10,11,18,31,43,45
09/06/2007,3,6,15,17,34,36
13/06/2007,17,20,23,26,32,42
16/06/2007,5,7,16,23,32,34
20/06/2007,5,11,14,21,39,42
23/06/2007,3,9,18,26,33,44
27/06/2007,7,9,11,25,26,29
30/06/2007,1,5,11,18,24,35
04/07/2007,6,21,25,26,31,39
07/07/2007,1,11,23,29,32,33
11/07/2007,2,3,13,21,33,38
14/07/2007,1,2,13,20,26,27
18/07/2007,18,23,26,34,40,43
21/07/2007,9,11,28,29,30,34
25/07/2007,7,9,23,36,39,40
28/07/2007,8,26,29,38,39,45
01/08/2007,15,19,24,28,30,42
04/08/2007,3,5,12,19,31,34
08/08/2007,1,5,7,25,29,45
11/08/2007,9,20,21,25,33,38
15/08/2007,3,5,6,8,13,26
18/08/2007,2,9,10,15,19,28
22/08/2007,4,9,23,26,28,41
25/08/2007,3,14,16,34,36,45
29/08/2007,2,4,11,13,16,41
01/09/2007,6,8,16,21,22,26
05/09/2007,4,14,27,30,32,34
08/09/2007,1,20,26,32,40,44
12/09/2007,8,16,29,30,35,41
15/09/2007,16,20,24,25,39,44
19/09/2007,1,14,26,29,39,41
22/09/2007,3,5,16,33,35,44
26/09/2007,8,24,25,34,36,37
29/09/2007,1,4,26,37,42,45
03/10/2007,3,10,16,28,30,39
06/10/2007,2,11,27,32,37,41
10/10/2007,15,21,23,28,36,43
13/10/2007,14,17,20,21,32,43
17/10/2007,2,5,17,37,40,43
20/10/2007,9,15,17,29,30,35
24/10/2007,2,8,19,23,24,29
27/10/2007,3,4,8,29,38,43
31/10/2007,7,9,16,17,26,44
03/11/2007,6,17,28,36,38,45
07/11/2007,4,6,10,21,34,39
10/11/2007,1,6,9,20,23,26
14/11/2007,1,2,9,14,16,43
17/11/2007,1,2,29,30,40,44
21/11/2007,13,14,18,25,41,43
24/11/2007,17,18,20,35,36,43
28/11/2007,10,13,16,24,40,41
01/12/2007,8,13,17,25,29,39
05/12/2007,8,25,28,31,42,44
08/12/2007,4,11,30,33,35,36
12/12/2007,2,8,35,36,37,39
15/12/2007,4,8,18,19,20,26
19/12/2007,2,13,16,21,29,43
22/12/2007,6,13,21,28,38,41
26/12/2007,2,12,28,29,39,43
29/12/2007,7,9,23,40,42,44
02/01/2008,3,10,12,14,21,37
05/01/2008,7,27,29,30,33,38
09/01/2008,5,15,27,32,33,34
12/01/2008,2,8,13,24,29,30
16/01/2008,2,3,8,34,35,44
19/01/2008,5,7,14,31,35,45
23/01/2008,7,27,28,30,39,40
26/01/2008,4,12,22,26,42,44
30/01/2008,1,4,18,27,35,37
02/02/2008,9,11,16,17,24,37
06/02/2008,1,14,15,24,30,35
09/02/2008,5,10,15,29,36,45
13/02/2008,5,10,22,26,42,45
16/02/2008,5,29,31,32,35,39
20/02/2008,3,15,27,36,39,42
23/02/2008,2,14,19,20,21,27
27/02/2008,5,24,28,36,40,44
01/03/2008,20,22,24,26,30,43
05/03/2008,2,16,26,27,39,44
08/03/2008,13,15,21,23,37,44
12/03/2008,2,10,12,14,15,38
15/03/2008,3,9,14,20,21,23
19/03/2008,7,19,21,24,27,36
22/03/2008,31,34,35,36,41,44
26/03/2008,1,6,14,16,18,41
29/03/2008,2,16,21,29,36,42
02/04/2008,3,23,30,33,41,43
05/04/2008,6,8,15,18,22,40
09/04/2008,8,9,27,29,30,42
12/04/2008,1,10,18,21,22,31
16/04/2008,6,7,13,24,33,40
19/04/2008,2,5,6,9,21,22
23/04/2008,4,9,10,23,37,38
26/04/2008,3,30,36,38,39,44
30/04/2008,6,8,12,22,28,41
03/05/2008,1,6,14,17,19,22
07/05/2008,1,11,24,35,43,44
10/05/2008,3,4,8,12,31,42
14/05/2008,7,8,15,19,22,36
17/05/2008,10,16,21,24,26,45
21/05/2008,12,22,24,33,37,40
24/05/2008,8,10,11,23,29,42
28/05/2008,11,12,18,22,32,37
31/05/2008,2,3,19,26,36,37
04/06/2008,2,13,14,31,36,41
07/06/2008,8,10,18,29,31,39
11/06/2008,2,14,24,34,35,45
14/06/2008,1,2,5,22,31,43
18/06/2008,2,6,23,25,39,45
21/06/2008,2,5,10,28,39,44
25/06/2008,4,23,24,30,32,37
28/06/2008,3,17,32,34,35,44
02/07/2008,7,10,12,15,16,22
05/07/2008,3,14,26,33,39,42
09/07/2008,4,7,13,15,44,45
12/07/2008,2,5,9,11,21,37
16/07/2008,2,3,13,21,29,41
19/07/2008,6,8,20,26,38,41
23/07/2008,10,19,20,21,22,32
26/07/2008,9,24,26,32,39,45
30/07/2008,3,15,27,36,38,43
02/08/2008,2,4,5,11,33,38
06/08/2008,15,20,21,23,35,38
09/08/2008,12,28,29,31,42,44
13/08/2008,8,15,22,28,32,39
16/08/2008,18,27,31,34,37,43
20/08/2008,13,17,32,35,42,43
23/08/2008,4,13,24,26,28,33
27/08/2008,2,12,14,18,23,42
30/08/2008,1,23,35,36,40,45
03/09/2008,7,8,13,16,21,34
06/09/2008,1,8,13,33,36,44
10/09/2008,11,20,31,34,39,42
13/09/2008,17,21,26,27,40,45
17/09/2008,23,26,30,31,37,38
20/09/2008,15,28,30,37,38,40
24/09/2008,5,6,18,21,23,26
27/09/2008,3,5,13,29,30,35
01/10/2008,2,3,13,32,38,40
04/10/2008,7,15,16,18,25,45
08/10/2008,3,8,25,35,36,39
11/10/2008,1,4,7,19,29,36
15/10/2008,6,17,26,35,43,45
18/10/2008,3,5,21,24,36,45
22/10/2008,2,5,19,21,37,40
25/10/2008,1,4,15,27,35,36
29/10/2008,6,10,21,25,30,45
01/11/2008,1,2,3,4,28,45
05/11/2008,7,10,14,23,27,41
08/11/2008,1,17,29,40,42,45
12/11/2008,6,10,16,30,34,40
15/11/2008,5,23,27,37,43,44
19/11/2008,4,16,37,38,40,45
22/11/2008,3,7,9,11,14,43
26/11/2008,1,4,9,14,29,35
29/11/2008,10,19,28,32,38,45
03/12/2008,14,21,26,30,32,39
06/12/2008,5,20,26,28,30,41
10/12/2008,1,2,8,9,12,19
13/12/2008,13,17,22,38,41,45
17/12/2008,16,32,33,36,40,41
20/12/2008,3,15,35,36,39,44
24/12/2008,5,16,23,25,31,43
27/12/2008,7,16,19,22,29,40
31/12/2008,10,14,15,30,35,37
03/01/2009,3,6,10,19,20,34
07/01/2009,2,3,5,18,26,45
10/01/2009,2,8,19,22,24,29
14/01/2009,4,7,14,19,28,39
17/01/2009,11,15,16,19,27,45
21/01/2009,7,23,24,31,41,42
24/01/2009,4,6,12,14,19,33
28/01/2009,3,7,22,26,29,42
31/01/2009,4,20,22,24,32,44
04/02/2009,3,24,27,34,43,45
07/02/2009,11,14,15,17,22,45
11/02/2009,4,8,21,23,29,31
14/02/2009,10,19,30,33,35,43
18/02/2009,1,5,7,14,27,32
21/02/2009,1,4,7,31,40,44
25/02/2009,2,15,21,23,38,40
28/02/2009,3,11,17,22,25,30
04/03/2009,6,13,29,33,42,43
07/03/2009,9,11,12,15,38,41
11/03/2009,3,4,11,22,36,41
14/03/2009,2,4,12,18,27,41
18/03/2009,1,14,28,35,38,45
21/03/2009,2,9,19,21,28,33
25/03/2009,15,19,21,24,27,33
28/03/2009,11,21,28,29,43,44
01/04/2009,2,13,16,23,29,44
04/04/2009,1,6,8,21,31,37
08/04/2009,12,17,25,26,35,42
11/04/2009,3,4,7,24,42,44
15/04/2009,6,12,14,29,40,41
18/04/2009,6,9,10,29,37,41
22/04/2009,8,16,17,28,33,35
25/04/2009,7,11,17,21,29,42
29/04/2009,1,9,20,26,35,36
02/05/2009,11,12,25,26,29,37
06/05/2009,2,5,10,18,31,38
09/05/2009,6,9,27,31,36,43
13/05/2009,13,16,19,40,41,43
16/05/2009,8,12,20,22,27,28
20/05/2009,9,15,20,29,37,42
23/05/2009,4,5,6,16,24,35
27/05/2009,9,17,21,28,34,44
30/05/2009,6,8,14,18,38,40
03/06/2009,6,13,26,27,28,33
06/06/2009,9,21,33,36,38,45
10/06/2009,1,14,16,23,27,44
13/06/2009,16,26,27,38,41,45
17/06/2009,2,20,24,27,38,40
20/06/2009,11,14,24,31,35,39
24/06/2009,9,19,28,30,33,35
27/06/2009,19,22,24,34,44,45
01/07/2009,1,6,15,22,27,33
04/07/2009,12,17,19,29,39,40
08/07/2009,2,6,7,16,20,31
11/07/2009,1,4,5,12,13,39
15/07/2009,1,3,24,26,39,42
18/07/2009,9,13,16,28,31,36
22/07/2009,9,10,26,27,28,43
25/07/2009,6,8,20,31,32,37
29/07/2009,2,4,33,36,41,45
01/08/2009,3,20,30,35,38,41
05/08/2009,4,9,10,34,42,43
08/08/2009,5,11,17,21,39,44
12/08/2009,4,6,9,21,29,44
15/08/2009,3,4,5,18,25,44
19/08/2009,3,9,12,36,38,44
22/08/2009,2,10,13,17,32,38
26/08/2009,8,16,27,28,33,35
29/08/2009,13,27,31,32,42,43
02/09/2009,1,10,16,18,25,45
05/09/2009,1,9,12,13,22,33
09/09/2009,7,14,15,17,32,40
12/09/2009,15,22,23,25,27,45
16/09/2009,4,8,14,18,28,41
19/09/2009,5,19,22,26,32,36
23/09/2009,2,12,16,18,30,34
26/09/2009,13,16,22,24,37,40
30/09/2009,2,6,7,11,23,24
03/10/2009,13,14,17,20,40,42
07/10/2009,6,12,29,30,36,40
10/10/2009,2,15,16,20,23,43
14/10/2009,9,11,19,20,30,42
17/10/2009,15,18,22,30,40,44
21/10/2009,5,7,11,20,35,40
24/10/2009,6,10,12,22,30,41
28/10/2009,5,21,23,29,36,44
31/10/2009,2,25,28,30,42,44
04/11/2009,23,25,27,29,30,38
07/11/2009,5,11,25,29,30,37
11/11/2009,5,6,8,24,30,34
14/11/2009,1,2,33,40,43,44
18/11/2009,9,12,27,35,40,43
21/11/2009,8,10,24,31,36,39
25/11/2009,5,11,17,24,32,45
28/11/2009,18,23,33,34,43,44
02/12/2009,2,9,15,22,39,40
05/12/2009,5,7,10,19,26,40
09/12/2009,6,18,23,28,29,36
12/12/2009,2,20,26,32,39,45
16/12/2009,4,10,17,36,42,43
19/12/2009,7,9,12,14,33,40
23/12/2009,8,13,16,28,30,37
26/12/2009,22,26,30,33,39,40
30/12/2009,3,6,7,38,42,45
02/01/2010,6,8,16,22,23,28
06/01/2010,26,33,35,36,40,42
09/01/2010,9,21,25,26,38,41
13/01/2010,13,19,24,39,41,42
16/01/2010,6,14,17,30,35,38
20/01/2010,3,9,15,29,34,37
23/01/2010,2,4,30,34,35,36
27/01/2010,1,11,15,20,30,40
30/01/2010,8,9,16,18,29,43
03/02/2010,2,4,7,10,17,23
06/02/2010,2,4,17,34,40,44
10/02/2010,1,7,22,39,41,44
13/02/2010,4,14,17,29,31,37
17/02/2010,2,3,17,22,23,27
20/02/2010,4,10,12,23,30,36
24/02/2010,2,3,22,24,35,39
27/02/2010,11,15,22,24,25,29
03/03/2010,3,16,19,33,35,44
06/03/2010,10,16,23,26,27,39
10/03/2010,1,12,19,21,24,39
13/03/2010,4,12,18,28,33,40
17/03/2010,8,9,26,27,35,42
20/03/2010,3,8,18,33,34,45
24/03/2010,5,11,14,20,22,43
27/03/2010,3,5,34,36,40,43
31/03/2010,1,9,10,14,15,18
03/04/2010,6,10,21,28,43,44
07/04/2010,8,23,26,27,31,43
10/04/2010,3,4,8,18,26,42
14/04/2010,5,12,18,19,20,45
17/04/2010,11,14,18,21,27,45
21/04/2010,11,28,30,36,40,41
24/04/2010,3,10,11,15,17,24
28/04/2010,8,11,17,22,28,45
01/05/2010,2,18,22,24,37,39
05/05/2010,3,4,12,24,40,45
08/05/2010,7,11,12,23,26,31
12/05/2010,2,24,25,32,34,42
15/05/2010,4,6,8,23,32,40
19/05/2010,5,7,14,27,31,39
22/05/2010,4,5,6,8,11,24
26/05/2010,1,12,13,17,28,36
29/05/2010,9,10,14,27,28,36
02/06/2010,8,12,24,36,42,45
05/06/2010,16,25,29,35,37,45
09/06/2010,4,15,26,28,36,37
12/06/2010,2,8,10,15,20,40
16/06/2010,8,12,19,29,42,45
19/06/2010,2,8,10,11,13,44
23/06/2010,27,30,36,38,39,45
26/06/2010,4,6,18,21,27,33
30/06/2010,3,10,17,19,25,44
03/07/2010,1,10,22,27,29,34
07/07/2010,6,14,20,24,37,38
10/07/2010,3,7,11,14,17,23
14/07/2010,9,18,19,21,29,35
17/07/2010,8,9,13,14,19,39
21/07/2010,17,18,22,23,28,45
24/07/2010,1,6,8,18,24,34
28/07/2010,28,29,37,38,39,42
31/07/2010,15,16,19,32,34,42
04/08/2010,3,6,11,15,22,26
07/08/2010,4,5,17,30,40,41
11/08/2010,1,2,19,32,37,39
14/08/2010,7,17,21,23,25,29
18/08/2010,11,15,22,28,30,35
21/08/2010,10,22,32,38,43,45
25/08/2010,1,6,8,18,22,40
28/08/2010,2,7,23,29,36,40
01/09/2010,5,11,16,18,20,39
04/09/2010,3,15,22,26,30,35
08/09/2010,5,14,15,37,39,40
11/09/2010,2,15,17,18,29,38
15/09/2010,9,16,19,23,27,31
18/09/2010,9,14,20,23,38,45
22/09/2010,15,17,20,22,28,33
25/09/2010,13,18,23,25,27,44
29/09/2010,4,10,15,28,34,39
02/10/2010,12,21,22,26,33,44
06/10/2010,9,18,25,31,35,45
09/10/2010,14,15,22,30,37,45
13/10/2010,8,9,16,22,29,44
16/10/2010,5,19,21,26,36,39
20/10/2010,6,14,16,17,30,32
23/10/2010,7,12,21,25,35,39
27/10/2010,1,2,4,10,25,40
30/10/2010,1,7,15,19,35,42
03/11/2010,7,15,17,19,29,38
06/11/2010,15,19,22,31,33,42
10/11/2010,2,11,18,24,27,36
13/11/2010,8,16,20,29,32,42
17/11/2010,10,17,35,36,38,41
20/11/2010,14,19,21,22,32,36
24/11/2010,8,20,25,31,32,37
27/11/2010,3,10,22,24,40,45
01/12/2010,3,19,20,25,30,33
04/12/2010,1,4,6,11,32,41
08/12/2010,9,12,20,24,27,28
11/12/2010,6,10,20,26,28,36
15/12/2010,26,28,30,32,33,39
18/12/2010,2,6,15,19,27,44
22/12/2010,15,17,18,21,25,40
25/12/2010,1,3,8,12,43,45
29/12/2010,5,13,17,31,41,42
01/01/2011,7,13,19,27,34,43
05/01/2011,4,8,11,15,16,38
08/01/2011,7,9,10,32,37,41
12/01/2011,13,15,17,27,44,45
15/01/2011,3,21,30,33,38,42
19/01/2011,8,17,34,35,36,40
22/01/2011,1,4,12,13,14,31
26/01/2011,15,17,37,40,41,44
29/01/2011,4,6,31,35,38,44
02/02/2011,16,19,22,26,35,41
05/02/2011,4,6,28,31,33,44
09/02/2011,23,24,29,34,39,45
12/02/2011,14,15,27,30,32,39
16/02/2011,15,16,22,24,25,40
19/02/2011,3,5,12,21,37,45
23/02/2011,3,16,26,35,37,40
26/02/2011,5,10,11,24,28,35
02/03/2011,11,14,16,19,32,43
05/03/2011,13,14,19,24,25,29
09/03/2011,2,3,11,14,24,35
12/03/2011,9,23,31,34,42,44
16/03/2011,7,13,14,18,36,45
19/03/2011,4,9,18,33,43,44
23/03/2011,1,16,25,29,35,44
26/03/2011,2,29,33,35,40,42
30/03/2011,3,15,22,23,24,34
02/04/2011,17,22,33,36,37,38
06/04/2011,7,16,20,31,35,41
09/04/2011,5,11,28,34,39,43
13/04/2011,8,9,20,34,37,38
16/04/2011,6,9,33,38,40,45
20/04/2011,5,13,14,27,37,42
23/04/2011,13,16,17,26,35,44
27/04/2011,18,20,27,34,36,41
30/04/2011,3,4,6,13,42,43
04/05/2011,1,9,14,16,20,31
07/05/2011,6,16,20,21,27,44
11/05/2011,5,12,28,34,35,42
14/05/2011,1,8,9,27,35,41
18/05/2011,14,15,24,33,40,45
21/05/2011,11,17,24,39,41,43
25/05/2011,3,8,11,13,22,37
28/05/2011,20,31,32,38,42,44
01/06/2011,2,13,18,28,30,33
04/06/2011,6,24,25,35,36,43
08/06/2011,10,17,24,25,27,29
11/06/2011,1,8,9,16,24,39
15/06/2011,12,15,28,30,39,40
18/06/2011,3,4,7,9,27,36
22/06/2011,2,17,19,26,32,45
25/06/2011,10,12,21,24,36,39
29/06/2011,15,21,26,29,35,37
02/07/2011,10,17,20,31,39,41
06/07/2011,9,11,21,25,29,40
09/07/2011,6,7,24,30,36,39
13/07/2011,10,22,33,39,43,45
16/07/2011,13,20,26,27,28,43
20/07/2011,2,6,12,16,20,34
23/07/2011,6,10,19,20,28,37
27/07/2011,3,7,24,28,29,35
30/07/2011,1,3,5,8,13,36
03/08/2011,2,9,18,31,36,37
06/08/2011,3,5,23,25,33,43
10/08/2011,1,2,9,11,12,15
13/08/2011,2,11,12,17,24,36
17/08/2011,1,13,18,39,43,44
20/08/2011,9,15,19,28,31,32
24/08/2011,2,8,10,17,27,37
27/08/2011,3,7,17,18,28,29
31/08/2011,11,12,16,20,37,45
03/09/2011,1,5,9,13,27,43
07/09/2011,6,22,29,38,39,43
10/09/2011,11,17,19,30,34,37
14/09/2011,2,12,15,31,32,37
17/09/2011,3,11,16,22,28,35
21/09/2011,9,16,21,22,33,40
24/09/2011,1,3,12,17,24,45
28/09/2011,8,10,11,30,32,35
01/10/2011,3,8,25,29,39,40
05/10/2011,15,18,25,27,28,39
08/10/2011,7,10,15,18,19,42
12/10/2011,18,19,30,39,42,43
15/10/2011,1,15,20,25,26,32
19/10/2011,7,12,13,20,22,40
22/10/2011,15,19,21,23,25,31
26/10/2011,5,16,25,33,35,40
29/10/2011,9,14,19,25,32,45
02/11/2011,3,7,14,17,25,39
05/11/2011,10,15,16,19,21,45
09/11/2011,2,8,15,16,30,45
12/11/2011,10,18,21,32,36,44
16/11/2011,7,23,26,28,39,45
19/11/2011,2,15,17,20,30,40
23/11/2011,4,8,16,18,31,41
26/11/2011,1,3,8,10,36,42
30/11/2011,1,6,7,20,33,37
03/12/2011,7,22,24,34,35,39
07/12/2011,1,6,16,23,38,44
10/12/2011,13,21,25,26,39,44
14/12/2011,3,4,9,13,30,33
17/12/2011,22,26,30,35,38,42
21/12/2011,7,21,22,31,43,45
24/12/2011,4,8,20,21,28,36
28/12/2011,3,8,12,14,24,42
31/12/2011,10,11,15,24,40,44
04/01/2012,10,29,31,36,38,39
07/01/2012,6,9,20,22,23,26
11/01/2012,7,15,19,34,36,44
14/01/2012,1,8,15,22,25,39
18/01/2012,14,20,24,32,36,43
21/01/2012,14,17,27,37,42,43
25/01/2012,7,16,29,33,37,45
28/01/2012,13,22,34,38,40,41
01/02/2012,6,15,21,35,43,45
04/02/2012,1,4,19,22,34,37
08/02/2012,2,15,33,34,40,42
11/02/2012,1,3,7,8,9,38
15/02/2012,7,8,10,20,21,31
18/02/2012,11,12,16,20,41,42
22/02/2012,12,19,23,24,31,40
25/02/2012,3,18,26,27,35,44
29/02/2012,9,10,20,25,28,35
03/03/2012,6,18,19,23,25,26
07/03/2012,2,13,16,30,35,45
10/03/2012,8,22,37,41,42,43
14/03/2012,2,6,11,20,26,42
17/03/2012,9,15,18,19,22,34
21/03/2012,6,9,12,19,40,42
24/03/2012,2,6,7,35,42,45
28/03/2012,1,2,8,9,17,35
31/03/2012,4,11,24,26,32,41
04/04/2012,19,20,25,26,31,32
07/04/2012,10,19,26,34,36,37
11/04/2012,5,15,20,21,40,45
14/04/2012,1,6,13,15,22,44
18/04/2012,2,26,29,40,43,45
21/04/2012,1,3,22,27,39,42
25/04/2012,2,11,14,26,29,42
28/04/2012,2,4,11,13,26,32
02/05/2012,12,19,26,29,34,36
05/05/2012,13,16,24,26,35,36
09/05/2012,11,15,20,22,28,43
12/05/2012,25,30,33,35,40,41
16/05/2012,3,6,30,36,37,45
19/05/2012,15,27,30,34,39,42
23/05/2012,10,21,23,28,29,32
26/05/2012,6,11,12,21,34,44
30/05/2012,6,7,17,22,35,39
02/06/2012,17,19,23,28,39,43
06/06/2012,1,3,5,18,24,28
09/06/2012,12,23,24,25,27,42
13/06/2012,25,33,37,42,44,45
16/06/2012,7,8,24,26,28,37
20/06/2012,4,5,20,28,31,41
23/06/2012,5,12,16,22,28,30
27/06/2012,17,19,28,35,38,42
30/06/2012,8,10,15,21,42,44
04/07/2012,5,6,17,27,32,44
07/07/2012,3,4,14,24,25,30
11/07/2012,2,12,21,33,34,42
14/07/2012,3,13,19,26,29,42
18/07/2012,1,6,25,28,30,45
21/07/2012,1,9,16,18,29,37
25/07/2012,16,23,29,33,35,43
28/07/2012,15,17,29,30,41,45
01/08/2012,1,7,9,13,14,36
04/08/2012,5,13,17,20,36,41
08/08/2012,10,20,24,30,35,43
11/08/2012,5,16,21,29,31,39
15/08/2012,7,15,21,31,38,39
18/08/2012,17,19,22,36,43,44
22/08/2012,1,16,24,35,43,44
25/08/2012,9,10,13,14,19,45
29/08/2012,9,10,16,26,32,42
01/09/2012,2,15,17,19,31,43
05/09/2012,7,16,21,32,38,41
08/09/2012,9,10,15,19,25,40
12/09/2012,4,7,8,13,27,36
15/09/2012,9,10,18,21,31,38
19/09/2012,5,22,30,39,40,41
22/09/2012,16,27,29,35,36,40
26/09/2012,2,11,17,29,40,44
29/09/2012,2,20,22,26,27,32
03/10/2012,12,19,24,32,44,45
06/10/2012,6,16,22,27,29,31
10/10/2012,2,4,10,17,20,21
13/10/2012,3,9,16,29,34,39
17/10/2012,10,11,15,27,40,42
20/10/2012,7,10,16,18,23,30
24/10/2012,5,7,18,19,20,21
27/10/2012,3,4,6,7,23,33
31/10/2012,9,10,21,22,24,28
03/11/2012,8,21,27,29,32,38
07/11/2012,11,18,28,36,43,44
10/11/2012,14,17,22,23,30,31
14/11/2012,9,18,24,28,39,41
17/11/2012,10,20,23,25,41,44
21/11/2012,20,26,27,33,36,41
24/11/2012,3,15,16,21,27,33
28/11/2012,2,5,6,13,42,44
01/12/2012,1,12,14,22,24,36
05/12/2012,16,19,24,36,37,40
08/12/2012,2,5,7,12,21,25
12/12/2012,2,13,17,19,44,45
15/12/2012,3,23,28,33,38,43
19/12/2012,9,10,20,21,30,44
22/12/2012,8,10,12,18,26,45
26/12/2012,2,11,24,27,30,44
29/12/2012,6,12,15,23,25,45
02/01/2013,9,10,11,21,27,42
05/01/2013,9,11,17,20,33,42
09/01/2013,5,9,12,13,22,26
12/01/2013,1,12,16,28,30,34
16/01/2013,13,21,22,30,31,36
19/01/2013,1,6,17,18,34,37
23/01/2013,3,8,16,18,31,44
26/01/2013,7,9,11,12,15,35
30/01/2013,18,20,31,40,41,45
02/02/2013,4,7,16,22,30,33
06/02/2013,8,16,24,30,34,43
09/02/2013,21,28,31,39,41,45
13/02/2013,4,5,8,19,24,41
16/02/2013,1,9,10,20,26,43
20/02/2013,2,6,10,13,30,39
23/02/2013,5,6,9,11,16,43
27/02/2013,1,16,24,34,39,40
02/03/2013,1,2,5,13,34,36
06/03/2013,8,11,15,34,43,44
09/03/2013,10,16,18,24,32,44
13/03/2013,5,11,16,18,35,39
16/03/2013,4,6,8,14,31,43
20/03/2013,17,31,32,36,41,45
23/03/2013,7,17,19,24,27,43
27/03/2013,8,21,31,36,40,42
30/03/2013,3,17,28,29,34,43
03/04/2013,2,9,19,20,38,39
06/04/2013,6,11,13,29,40,44
10/04/2013,2,4,10,12,14,42
13/04/2013,13,15,23,31,40,41
17/04/2013,10,16,18,22,34,39
20/04/2013,10,14,30,34,35,39
24/04/2013,15,19,24,26,29,30
27/04/2013,3,11,14,17,29,34
01/05/2013,4,10,23,35,37,41
04/05/2013,1,15,21,25,36,42
08/05/2013,1,8,14,23,30,32
11/05/2013,19,29,30,31,39,41
15/05/2013,8,11,27,33,35,41
18/05/2013,2,3,13,21,38,40
22/05/2013,7,12,27,28,39,43
25/05/2013,12,13,23,30,31,32
29/05/2013,12,15,19,37,40,43
01/06/2013,3,8,20,24,29,45
05/06/2013,17,22,30,36,40,44
08/06/2013,1,13,14,18,33,43
12/06/2013,1,3,5,7,27,30
15/06/2013,1,14,17,20,30,43
19/06/2013,17,18,31,33,39,40
22/06/2013,9,16,24,25,33,45
26/06/2013,4,6,13,18,31,42
29/06/2013,2,23,25,31,34,43
03/07/2013,3,6,9,16,28,40
06/07/2013,3,9,10,17,26,44
10/07/2013,19,29,30,34,38,40
13/07/2013,4,13,16,21,30,43
17/07/2013,13,15,20,22,41,44
20/07/2013,1,3,7,25,35,43
24/07/2013,1,3,18,27,32,43
27/07/2013,8,14,22,23,32,45
31/07/2013,13,14,16,37,40,45
03/08/2013,11,19,33,36,37,45
07/08/2013,6,10,22,24,28,32
10/08/2013,21,28,33,37,43,44
14/08/2013,17,25,29,30,31,34
17/08/2013,2,5,16,18,38,40
21/08/2013,2,5,11,19,30,36
24/08/2013,12,19,21,28,31,33
28/08/2013,7,11,16,21,30,43
31/08/2013,10,11,17,25,26,41
04/09/2013,10,27,28,38,39,42
07/09/2013,19,22,27,40,43,44
11/09/2013,8,9,23,38,39,40
14/09/2013,9,19,23,35,39,44
18/09/2013,2,20,26,37,40,45
21/09/2013,3,17,22,24,36,42
25/09/2013,4,9,10,23,27,32
28/09/2013,1,11,14,31,36,40
02/10/2013,7,17,33,37,39,41
05/10/2013,4,22,28,32,35,43
09/10/2013,4,7,24,30,39,44
12/10/2013,12,15,18,21,29,41
16/10/2013,10,17,30,35,37,41
19/10/2013,2,11,19,30,33,38
23/10/2013,23,25,30,38,44,45
26/10/2013,7,9,12,14,19,44
30/10/2013,20,24,26,27,40,41
02/11/2013,11,19,26,30,34,40
06/11/2013,2,11,14,34,37,39
09/11/2013,2,9,17,19,36,45
13/11/2013,1,9,32,35,36,39
16/11/2013,5,7,9,25,32,39
20/11/2013,3,15,18,29,33,42
23/11/2013,4,8,28,29,37,41
27/11/2013,6,11,30,37,42,45
30/11/2013,11,15,24,25,33,41
04/12/2013,6,7,13,33,37,39
07/12/2013,11,27,31,36,44,45
11/12/2013,9,13,22,31,32,41
14/12/2013,1,12,19,31,34,36
18/12/2013,4,5,19,22,42,45
21/12/2013,1,4,6,13,19,24
25/12/2013,1,2,3,24,40,41
28/12/2013,1,11,17,21,25,44
01/01/2014,4,17,28,29,30,40
04/01/2014,9,11,21,24,26,39
08/01/2014,2,5,18,33,40,45
11/01/2014,8,14,26,36,38,43
15/01/2014,9,17,27,30,32,42
18/01/2014,14,27,31,34,39,45
22/01/2014,16,17,20,37,41,42
25/01/2014,11,20,37,41,43,45
29/01/2014,1,5,13,19,21,28
01/02/2014,5,17,21,29,40,43
05/02/2014,11,16,17,18,19,37
08/02/2014,12,19,23,36,40,44
12/02/2014,9,12,28,31,33,35
15/02/2014,3,9,13,15,25,38
19/02/2014,12,22,33,39,42,45
22/02/2014,16,18,23,27,39,43
26/02/2014,11,20,29,34,41,44
01/03/2014,1,18,19,23,28,40
05/03/2014,6,13,20,25,35,40
08/03/2014,1,7,20,26,33,40
12/03/2014,4,12,13,14,15,29
15/03/2014,2,3,4,5,13,43
19/03/2014,2,15,17,20,22,32
22/03/2014,12,13,14,18,30,39
26/03/2014,16,17,30,38,41,43
29/03/2014,6,8,21,28,34,41
02/04/2014,7,9,11,19,24,42
05/04/2014,2,6,7,17,31,38
09/04/2014,7,15,17,22,34,41
12/04/2014,7,11,12,18,40,45
16/04/2014,1,4,15,26,31,37
19/04/2014,3,11,12,18,21,44
23/04/2014,13,18,19,21,22,31
26/04/2014,15,20,24,28,38,41
30/04/2014,2,10,20,25,31,41
03/05/2014,7,24,29,30,31,45
07/05/2014,4,11,23,30,35,40
10/05/2014,5,13,15,24,27,41
14/05/2014,22,23,24,28,42,43
17/05/2014,2,5,8,17,27,37
21/05/2014,1,2,18,29,31,40
24/05/2014,7,10,16,38,42,43
28/05/2014,6,8,12,38,42,43
31/05/2014,2,5,7,15,29,32
04/06/2014,6,16,19,20,42,44
07/06/2014,13,15,26,34,43,45
11/06/2014,10,13,15,34,36,39
14/06/2014,9,15,17,29,40,45
18/06/2014,1,3,11,27,34,36
21/06/2014,1,9,21,24,28,43
25/06/2014,5,16,20,21,28,40
28/06/2014,8,14,22,34,37,44
02/07/2014,4,11,17,21,33,44
05/07/2014,7,21,31,35,40,43
09/07/2014,5,13,17,22,23,43
12/07/2014,18,22,27,28,33,43
16/07/2014,8,13,17,32,38,39
19/07/2014,5,27,31,36,37,43
23/07/2014,4,22,25,32,36,41
26/07/2014,8,15,22,28,30,44
30/07/2014,2,10,12,19,22,39
02/08/2014,5,12,31,37,42,44
06/08/2014,2,5,7,9,21,39
09/08/2014,7,15,17,23,29,39
13/08/2014,1,9,14,22,33,42
16/08/2014,5,6,8,16,32,33
20/08/2014,4,15,31,40,41,44
23/08/2014,16,17,18,29,33,36
27/08/2014,6,8,10,13,39,41
30/08/2014,2,3,17,30,32,43
03/09/2014,6,14,23,29,40,45
06/09/2014,8,19,28,32,35,44
10/09/2014,1,8,21,33,39,44
13/09/2014,10,24,33,39,41,44
17/09/2014,8,22,34,37,39,43
20/09/2014,10,11,15,29,35,36
24/09/2014,12,15,22,29,44,45
27/09/2014,11,13,21,24,31,35
01/10/2014,9,10,12,27,33,36
04/10/2014,3,11,21,23,42,45
08/10/2014,1,9,12,21,25,33
11/10/2014,9,24,29,36,37,45
15/10/2014,5,6,28,31,36,37
18/10/2014,2,7,9,10,28,41
22/10/2014,3,7,11,16,19,21
25/10/2014,16,17,21,28,32,33
29/10/2014,3,5,22,33,35,41
01/11/2014,5,26,31,37,38,40
05/11/2014,6,7,21,31,34,45
08/11/2014,2,12,13,18,21,23
12/11/2014,6,16,23,34,36,37
15/11/2014,4,6,12,19,26,44
19/11/2014,6,9,16,28,31,35
22/11/2014,3,28,32,38,41,42
26/11/2014,10,22,28,29,30,38
29/11/2014,2,12,14,18,27,41
03/12/2014,8,13,19,33,44,45
06/12/2014,4,9,16,24,32,45
10/12/2014,16,17,18,20,25,44
13/12/2014,5,9,28,30,31,33
17/12/2014,3,4,6,15,38,45
20/12/2014,11,12,18,19,29,45
24/12/2014,4,9,12,31,37,42
27/12/2014,1,6,11,17,31,33
31/12/2014,3,9,14,27,31,44
03/01/2015,2,4,23,31,36,39
07/01/2015,4,13,18,27,28,42
10/01/2015,14,18,23,34,41,45
14/01/2015,1,4,18,28,37,39
17/01/2015,8,13,17,27,39,44
21/01/2015,1,3,4,18,28,34
24/01/2015,1,15,18,29,33,42
28/01/2015,9,16,17,21,23,25
31/01/2015,9,18,21,26,27,37
04/02/2015,11,13,17,29,39,43
07/02/2015,3,9,15,19,31,43
11/02/2015,5,6,21,23,24,36
14/02/2015,3,5,6,7,20,30
18/02/2015,4,7,12,18,26,30
21/02/2015,1,6,9,12,13,33
25/02/2015,1,13,21,30,39,45
28/02/2015,2,5,13,24,28,35
04/03/2015,1,15,24,36,39,41
07/03/2015,8,11,13,15,23,26
11/03/2015,7,10,22,32,42,45
14/03/2015,5,6,33,40,42,44
18/03/2015,13,18,21,29,31,33
21/03/2015,7,18,29,34,37,44
25/03/2015,4,19,20,34,35,40
28/03/2015,14,17,20,37,40,42
01/04/2015,1,6,7,9,12,42
04/04/2015,10,11,28,32,38,41
08/04/2015,2,4,6,17,24,35
11/04/2015,2,12,22,24,25,32
15/04/2015,5,11,18,27,31,35
18/04/2015,3,4,12,15,20,43
22/04/2015,7,18,20,23,32,38
25/04/2015,3,7,12,13,20,25
29/04/2015,1,17,21,33,37,38
02/05/2015,16,25,27,28,30,45
06/05/2015,4,8,19,32,34,38
09/05/2015,13,14,15,24,28,33
13/05/2015,5,8,11,20,23,43
16/05/2015,1,12,20,22,24,43
20/05/2015,2,7,16,17,29,41
23/05/2015,2,5,6,27,33,40
27/05/2015,1,2,6,15,29,38
30/05/2015,12,18,19,31,42,44
03/06/2015,6,16,19,23,29,43
06/06/2015,5,11,18,31,42,43
10/06/2015,5,6,11,19,24,26
13/06/2015,4,11,14,24,32,36
17/06/2015,14,21,36,39,43,45
20/06/2015,7,15,17,19,24,26
24/06/2015,9,12,16,22,29,37
27/06/2015,15,19,22,29,37,45
01/07/2015,14,20,24,28,30,35
04/07/2015,5,15,30,31,35,37
08/07/2015,1,8,21,30,34,40
11/07/2015,2,6,18,23,31,35
15/07/2015,1,4,20,25,36,43
18/07/2015,9,18,24,25,34,41
22/07/2015,1,15,26,28,42,45
25/07/2015,1,3,7,25,28,40
29/07/2015,6,19,20,21,26,29
01/08/2015,5,10,11,12,13,30
05/08/2015,7,11,13,26,30,43
08/08/2015,9,15,19,25,36,44
12/08/2015,6,10,31,38,43,45
15/08/2015,20,22,23,29,32,45
19/08/2015,1,3,7,10,14,31
22/08/2015,7,19,25,28,29,43
26/08/2015,7,16,19,24,34,41
29/08/2015,2,3,11,31,33,39
02/09/2015,22,33,34,42,44,45
05/09/2015,3,13,27,40,43,44
09/09/2015,6,9,10,23,24,41
12/09/2015,7,12,17,24,31,39
16/09/2015,7,21,30,37,44,45
19/09/2015,8,17,24,37,39,42
23/09/2015,1,5,10,12,21,41
26/09/2015,5,7,9,10,26,37
30/09/2015,2,7,9,17,40,42
03/10/2015,3,9,10,21,31,43
07/10/2015,5,7,14,35,38,41
10/10/2015,1,11,19,24,31,38
14/10/2015,5,13,17,25,35,40
17/10/2015,2,16,24,28,37,40
21/10/2015,6,7,20,30,33,44
24/10/2015,3,5,17,20,21,35
28/10/2015,11,21,25,35,42,44
31/10/2015,4,5,13,18,31,38
04/11/2015,7,18,24,36,37,42
07/11/2015,20,31,40,41,44,45
11/11/2015,6,9,10,24,37,40
14/11/2015,3,7,15,16,33,42
18/11/2015,5,6,10,22,24,42
21/11/2015,4,10,18,35,42,45
25/11/2015,21,23,25,32,37,44
28/11/2015,7,17,26,27,41,43
02/12/2015,13,20,21,25,35,41
05/12/2015,5,14,19,31,33,37
09/12/2015,7,11,13,37,39,41
12/12/2015,6,10,16,22,25,32
16/12/2015,9,10,22,24,35,40
19/12/2015,1,7,15,16,40,42
23/12/2015,2,4,16,17,30,34
26/12/2015,1,8,10,19,22,27
30/12/2015,3,21,26,31,39,42
02/01/2016,1,2,10,29,30,31
06/01/2016,3,9,19,28,30,34
09/01/2016,7,10,13,20,32,43
13/01/2016,7,13,25,26,31,32
16/01/2016,7,8,33,34,43,45
20/01/2016,18,19,21,23,30,31
23/01/2016,9,16,30,37,40,42
27/01/2016,2,12,13,21,26,33
30/01/2016,2,3,4,8,12,44
03/02/2016,3,11,15,20,42,43
06/02/2016,9,26,27,28,29,37
10/02/2016,5,10,17,18,29,38
13/02/2016,11,17,27,34,36,38
17/02/2016,6,13,22,29,35,43
20/02/2016,8,10,14,21,32,42
24/02/2016,6,7,15,19,29,39
27/02/2016,3,29,30,43,44,45
02/03/2016,3,4,7,17,38,42
05/03/2016,7,11,24,28,31,44
09/03/2016,8,9,11,18,26,43
12/03/2016,14,16,26,31,35,42
16/03/2016,15,17,24,25,29,42
19/03/2016,6,13,20,24,32,45
23/03/2016,6,10,12,16,22,27
26/03/2016,4,6,17,24,28,32
30/03/2016,8,10,21,30,33,36
02/04/2016,6,8,15,16,33,37
06/04/2016,6,9,11,23,31,37
09/04/2016,7,10,11,17,22,38
13/04/2016,5,21,24,31,34,42
16/04/2016,3,11,14,19,20,26
20/04/2016,13,22,24,26,28,39
23/04/2016,3,5,10,25,38,41
27/04/2016,16,20,23,34,38,40
30/04/2016,11,32,37,41,42,45
04/05/2016,3,7,10,25,26,37
07/05/2016,17,21,27,30,32,34
11/05/2016,3,21,22,24,26,44
14/05/2016,4,10,20,24,28,38
18/05/2016,3,20,27,30,39,42
21/05/2016,5,14,18,21,23,42
25/05/2016,1,20,27,34,36,41
28/05/2016,2,11,12,24,34,36
01/06/2016,1,9,13,23,26,32
04/06/2016,3,4,10,18,24,29
08/06/2016,1,4,5,15,24,39
11/06/2016,4,11,14,16,21,27
15/06/2016,9,17,25,26,33,36
18/06/2016,9,17,18,24,25,30
22/06/2016,8,10,12,17,23,28
25/06/2016,11,14,20,22,37,42
29/06/2016,1,10,16,21,38,43
02/07/2016,6,7,13,26,28,45
06/07/2016,10,25,36,38,40,44
09/07/2016,3,11,20,27,31,34
13/07/2016,18,25,32,35,42,45
16/07/2016,2,9,12,21,27,33
20/07/2016,1,7,19,27,34,43
23/07/2016,5,7,18,20,23,42
27/07/2016,3,4,6,22,34,45
30/07/2016,3,10,20,21,34,40
03/08/2016,1,5,12,16,28,35
06/08/2016,3,15,19,30,32,45
10/08/2016,4,7,15,16,27,37
13/08/2016,1,2,8,15,24,34
17/08/2016,4,7,9,18,29,45
20/08/2016,10,28,32,41,44,45
24/08/2016,8,20,22,33,38,40
27/08/2016,16,19,22,30,43,45
31/08/2016,4,7,13,14,17,27
03/09/2016,24,31,32,33,40,42
07/09/2016,11,18,24,35,42,45
10/09/2016,5,6,18,30,32,36
14/09/2016,8,11,16,23,24,30
17/09/2016,2,9,13,17,29,45
21/09/2016,8,16,20,26,35,40
24/09/2016,19,22,25,35,40,42
28/09/2016,16,27,28,33,35,43
01/10/2016,1,14,16,19,29,33
05/10/2016,9,18,23,31,32,36
08/10/2016,1,7,10,11,22,30
12/10/2016,3,6,14,36,39,43
15/10/2016,1,5,12,22,33,40
19/10/2016,13,15,22,25,26,38
22/10/2016,2,9,26,34,35,42
26/10/2016,1,5,12,16,27,35
29/10/2016,10,11,22,28,34,35
02/11/2016,3,6,7,20,25,37
05/11/2016,18,19,22,26,27,28
09/11/2016,4,9,24,33,34,35
12/11/2016,2,3,14,22,41,45
16/11/2016,10,18,31,38,41,42
19/11/2016,3,12,20,28,31,34
23/11/2016,1,15,17,21,35,44
26/11/2016,1,3,18,25,27,29
30/11/2016,2,11,27,37,38,45
03/12/2016,12,18,19,28,30,43
07/12/2016,4,13,20,30,32,42
10/12/2016,4,8,23,26,42,45
14/12/2016,20,29,34,35,37,40
17/12/2016,9,13,20,22,25,36
21/12/2016,2,7,8,18,26,37
24/12/2016,4,23,25,31,40,44
28/12/2016,3,8,11,13,18,33
31/12/2016,3,8,22,25,37,38
04/01/2017,16,22,24,29,39,45
07/01/2017,5,13,17,21,26,32
11/01/2017,10,11,26,30,34,37
14/01/2017,12,14,17,24,31,43
18/01/2017,2,16,27,29,38,41
21/01/2017,4,14,21,26,34,38
25/01/2017,28,31,37,38,43,44
28/01/2017,6,7,10,30,33,44
01/02/2017,3,9,18,27,39,44
04/02/2017,3,9,11,31,34,42
08/02/2017,23,29,30,31,38,40
11/02/2017,6,17,31,33,34,35
15/02/2017,14,17,21,25,30,31
18/02/2017,2,3,8,13,28,29
22/02/2017,11,12,28,30,32,39
25/02/2017,6,10,11,23,29,32
01/03/2017,1,4,26,42,44,45
04/03/2017,4,9,10,37,44,45
08/03/2017,2,15,22,24,35,45
11/03/2017,3,14,23,27,33,36
15/03/2017,5,6,18,19,22,36
18/03/2017,1,2,7,8,20,26
22/03/2017,1,6,7,14,27,44
25/03/2017,3,7,10,12,28,30
29/03/2017,8,17,19,23,25,35
01/04/2017,2,9,11,15,24,45
05/04/2017,1,19,26,33,35,40
08/04/2017,3,4,24,25,27,30
12/04/2017,12,14,16,21,29,43
15/04/2017,6,11,20,23,30,31
19/04/2017,11,17,18,34,43,45
22/04/2017,15,28,36,37,41,10
26/04/2017,1,2,25,31,33,14
29/04/2017,6,19,25,28,36,1
03/05/2017,5,6,7,12,37,6
06/05/2017,1,20,36,39,43,10
10/05/2017,12,19,22,35,38,1
13/05/2017,11,19,27,28,37,8
17/05/2017,15,21,26,28,36,3
20/05/2017,1,11,28,31,41,9
24/05/2017,7,22,29,32,41,14
27/05/2017,8,12,20,36,40,1
31/05/2017,12,13,25,31,42,16
03/06/2017,3,26,33,34,38,16
07/06/2017,3,20,33,34,40,14
10/06/2017,13,20,26,29,40,7
14/06/2017,2,9,12,34,40,7
17/06/2017,9,20,24,31,33,16
21/06/2017,4,6,14,17,29,5
24/06/2017,3,4,9,20,32,11
28/06/2017,18,22,32,37,39,2
01/07/2017,10,16,18,35,40,6
05/07/2017,20,22,25,37,43,8
08/07/2017,1,7,12,19,21,8
12/07/2017,7,23,30,33,36,4
15/07/2017,7,23,24,34,39,4
19/07/2017,14,15,20,25,40,12
22/07/2017,6,9,15,37,42,16
26/07/2017,1,27,31,34,36,11
29/07/2017,3,13,14,17,23,2
02/08/2017,1,22,31,32,37,16
05/08/2017,14,25,28,37,41,13
09/08/2017,4,5,9,13,40,15
12/08/2017,15,16,18,19,37,11
16/08/2017,6,14,32,34,42,10
19/08/2017,1,5,6,13,26,6
23/08/2017,13,15,18,26,43,3
26/08/2017,1,6,12,18,36,9
30/08/2017,4,24,28,36,39,5
02/09/2017,1,4,13,23,33,9
06/09/2017,8,16,19,35,41,13
09/09/2017,1,2,20,31,43,8
13/09/2017,7,11,23,41,43,11
16/09/2017,10,17,24,37,42,6
20/09/2017,10,16,19,23,34,11
23/09/2017,4,15,22,23,38,11
27/09/2017,1,10,28,35,41,4
30/09/2017,3,10,13,21,38,10
04/10/2017,24,31,32,33,34,6
07/10/2017,19,22,29,38,39,2
11/10/2017,2,10,21,23,35,9
14/10/2017,18,27,38,40,41,16
18/10/2017,17,26,27,28,40,7
21/10/2017,2,4,9,15,24,11
25/10/2017,11,21,31,32,39,1
28/10/2017,13,20,28,35,40,3
01/11/2017,22,24,28,34,42,8
04/11/2017,15,20,25,29,43,10
08/11/2017,2,4,10,17,37,6
11/11/2017,1,18,22,30,39,1
15/11/2017,11,18,23,32,40,2
18/11/2017,8,12,22,29,39,11
22/11/2017,9,12,18,37,41,13
25/11/2017,15,21,25,26,31,4
29/11/2017,2,5,7,9,28,13
02/12/2017,2,14,21,27,28,1
06/12/2017,3,23,28,29,32,2
09/12/2017,11,15,23,24,25,7
13/12/2017,11,23,33,36,42,4
16/12/2017,17,23,25,29,31,6
20/12/2017,8,14,20,22,42,7
23/12/2017,6,8,13,29,31,13
27/12/2017,2,13,14,26,42,8
30/12/2017,14,30,35,37,40,14
03/01/2018,1,2,33,34,41,10
06/01/2018,1,2,4,5,13,10
10/01/2018,1,5,9,29,42,8
13/01/2018,7,10,24,31,43,5
17/01/2018,6,17,23,27,32,7
20/01/2018,2,6,16,23,43,1
24/01/2018,6,11,12,17,40,14
27/01/2018,12,13,15,18,31,1
31/01/2018,12,19,27,28,41,4
03/02/2018,1,4,14,21,42,16
07/02/2018,4,23,27,29,34,12
10/02/2018,5,6,14,16,35,9
14/02/2018,9,12,18,32,38,7
17/02/2018,10,23,25,26,33,1
21/02/2018,18,34,37,39,41,2
24/02/2018,5,6,9,39,42,16
28/02/2018,7,16,18,37,40,8
03/03/2018,15,28,31,32,35,12
07/03/2018,8,23,24,32,36,13
10/03/2018,4,17,27,28,42,4
14/03/2018,6,20,25,27,43,4
17/03/2018,7,17,18,30,33,3
21/03/2018,10,14,18,20,33,6
24/03/2018,17,26,28,29,42,11
28/03/2018,3,11,18,24,37,11
31/03/2018,9,15,19,27,30,2
04/04/2018,4,7,10,36,41,4
07/04/2018,13,15,24,33,40,9
11/04/2018,7,20,36,42,43,7
14/04/2018,1,12,28,30,33,3
18/04/2018,3,23,31,35,40,15
21/04/2018,10,12,16,17,27,6
25/04/2018,14,27,34,37,43,13
28/04/2018,10,18,19,36,43,13
02/05/2018,7,37,38,39,41,3
05/05/2018,5,6,14,26,31,11
09/05/2018,11,12,39,40,43,1
12/05/2018,6,10,23,31,34,3
16/05/2018,13,16,28,34,37,1
19/05/2018,12,13,23,35,39,16
23/05/2018,8,11,17,23,39,7
26/05/2018,9,12,16,18,34,11
30/05/2018,6,15,19,27,42,16
02/06/2018,3,16,19,20,23,8
06/06/2018,1,7,12,26,43,14
09/06/2018,1,4,18,21,42,2
13/06/2018,2,8,20,25,27,4
16/06/2018,3,20,22,24,36,6
20/06/2018,7,8,18,25,43,6
23/06/2018,11,12,25,33,39,7
27/06/2018,16,20,29,33,40,3
30/06/2018,3,16,18,30,34,16
04/07/2018,5,7,20,34,37,4
07/07/2018,8,11,22,35,41,10
11/07/2018,6,17,31,32,41,13
14/07/2018,4,13,14,16,33,5
18/07/2018,21,32,33,34,37,11
21/07/2018,12,25,32,33,41,10
25/07/2018,2,13,25,36,43,15
28/07/2018,2,11,26,33,40,15
01/08/2018,2,5,9,11,42,9
04/08/2018,6,16,20,24,30,11
08/08/2018,5,33,34,41,43,7
11/08/2018,2,3,22,28,37,8
15/08/2018,1,12,20,39,41,13
18/08/2018,6,12,16,21,33,5
22/08/2018,10,12,34,35,36,9
25/08/2018,3,22,26,29,36,7
29/08/2018,17,27,37,38,40,3
01/09/2018,3,8,10,15,39,9
05/09/2018,4,22,26,29,36,13
08/09/2018,8,9,19,23,38,14
12/09/2018,3,18,34,42,43,4
15/09/2018,2,5,9,34,42,13
19/09/2018,8,24,26,33,35,6
22/09/2018,20,23,35,36,41,14
26/09/2018,2,4,6,7,13,2
29/09/2018,10,14,20,21,41,11
03/10/2018,5,18,19,25,41,11
06/10/2018,8,16,25,36,37,12
10/10/2018,19,26,33,34,42,8
13/10/2018,11,21,27,41,43,12
17/10/2018,5,13,14,35,42,11
20/10/2018,19,20,34,38,39,3
24/10/2018,1,7,11,16,23,3
27/10/2018,6,20,33,36,41,9
31/10/2018,8,17,21,25,40,16
03/11/2018,9,14,28,33,43,1
07/11/2018,8,20,32,36,40,8
10/11/2018,5,23,24,29,43,2
14/11/2018,11,20,21,23,32,12
17/11/2018,10,12,13,32,38,2
21/11/2018,1,15,19,21,42,8
24/11/2018,5,13,22,34,43,2
28/11/2018,2,4,16,30,40,3
01/12/2018,3,6,23,25,38,1
05/12/2018,1,14,15,18,25,13
08/12/2018,14,20,24,25,39,7
12/12/2018,4,17,36,37,43,11
15/12/2018,4,13,25,31,33,5
19/12/2018,15,27,28,41,42,4
22/12/2018,3,7,11,39,41,2
26/12/2018,9,13,31,33,41,3
29/12/2018,10,14,29,30,42,2
02/01/2019,9,14,25,26,37,7
05/01/2019,10,14,19,39,41,1
09/01/2019,5,20,27,30,38,16
12/01/2019,2,19,22,28,32,11
16/01/2019,6,13,15,26,31,3
19/01/2019,8,15,28,38,42,7
23/01/2019,7,9,16,24,31,3
26/01/2019,3,7,11,19,25,3
30/01/2019,16,18,19,21,38,7
02/02/2019,16,17,21,22,43,3
06/02/2019,1,10,23,38,43,7
09/02/2019,3,5,30,37,39,12
13/02/2019,1,5,6,8,27,14
16/02/2019,19,25,28,31,40,11
20/02/2019,3,10,32,40,42,15
23/02/2019,3,7,14,19,22,4
27/02/2019,6,10,12,18,39,7
02/03/2019,6,22,25,28,40,5
06/03/2019,2,4,12,18,35,7
09/03/2019,24,29,34,35,40,13
13/03/2019,6,8,13,14,37,6
16/03/2019,5,16,26,32,36,3
20/03/2019,6,22,33,36,41,13
23/03/2019,18,20,21,35,43,5
27/03/2019,3,15,20,23,25,11
30/03/2019,6,17,24,39,43,16
03/04/2019,3,4,22,40,41,14
06/04/2019,20,29,32,34,37,6
10/04/2019,15,18,24,34,39,4
13/04/2019,6,7,8,27,34,14
17/04/2019,3,4,31,34,43,14
20/04/2019,10,17,24,29,43,14
24/04/2019,4,8,32,34,40,4
27/04/2019,1,13,32,37,43,10
01/05/2019,1,4,8,19,27,5
04/05/2019,4,11,12,16,26,2
08/05/2019,1,4,21,30,43,15
11/05/2019,3,11,27,39,41,4
15/05/2019,3,17,25,39,42,4
18/05/2019,3,4,20,25,37,12
22/05/2019,9,16,20,28,37,5
25/05/2019,2,10,14,34,40,14
29/05/2019,1,2,22,29,42,16
01/06/2019,1,3,17,23,32,16
05/06/2019,1,4,8,22,37,13
08/06/2019,10,25,29,35,37,5
12/06/2019,3,8,25,28,40,2
15/06/2019,10,14,27,35,41,12
19/06/2019,4,10,20,32,33,15
22/06/2019,15,16,24,26,32,10
26/06/2019,6,12,15,26,35,7
29/06/2019,2,12,16,26,30,2
03/07/2019,1,2,3,10,31,1
06/07/2019,1,8,21,34,35,10
10/07/2019,9,12,31,33,43,11
13/07/2019,2,18,29,37,39,13
17/07/2019,6,12,14,15,38,10
20/07/2019,10,11,15,31,38,5
24/07/2019,3,12,24,25,26,12
27/07/2019,9,13,18,19,33,9
31/07/2019,10,20,25,28,30,3
03/08/2019,2,11,33,36,38,11
07/08/2019,6,27,32,40,42,1
10/08/2019,6,29,34,41,42,16
14/08/2019,7,22,25,36,37,3
17/08/2019,10,12,25,27,41,3
21/08/2019,6,8,13,28,29,8
24/08/2019,4,8,12,17,35,12
28/08/2019,11,18,29,35,37,6
31/08/2019,17,18,33,41,42,8
04/09/2019,2,11,18,23,43,14
07/09/2019,11,14,20,30,34,7
11/09/2019,6,19,23,25,41,7
14/09/2019,1,19,31,37,39,11
18/09/2019,18,23,28,33,35,12
21/09/2019,21,23,26,37,43,11
25/09/2019,4,11,14,16,36,15
28/09/2019,1,9,27,29,35,13
02/10/2019,3,10,20,30,39,11
05/10/2019,19,23,26,30,36,11
09/10/2019,4,9,10,35,40,11
12/10/2019,2,8,9,12,39,13
16/10/2019,5,13,14,26,31,15
19/10/2019,4,8,19,20,35,9
23/10/2019,12,19,20,29,43,1
26/10/2019,2,11,24,28,39,3
30/10/2019,3,10,16,25,41,8
02/11/2019,2,3,4,12,16,10
06/11/2019,7,16,19,20,37,2
09/11/2019,2,10,16,23,25,11
13/11/2019,8,11,13,18,27,12
16/11/2019,3,7,23,30,35,5
20/11/2019,2,14,16,17,31,2
23/11/2019,17,18,20,27,29,11
27/11/2019,11,19,29,36,40,7
30/11/2019,2,3,18,21,36,13
04/12/2019,10,15,16,29,39,16
07/12/2019,12,15,16,38,39,10
11/12/2019,4,13,24,39,41,1
14/12/2019,11,21,33,39,43,8
18/12/2019,8,19,22,25,38,2
21/12/2019,8,14,17,23,37,13
25/12/2019,21,30,35,36,41,2
28/12/2019,2,9,17,27,42,11
01/01/2020,24,26,35,36,41,9
04/01/2020,4,9,15,24,29,7
08/01/2020,10,11,15,28,35,11
11/01/2020,1,4,29,32,33,2
15/01/2020,16,28,37,42,43,9
18/01/2020,2,8,9,25,33,12
22/01/2020,1,7,10,25,27,2
25/01/2020,12,22,30,31,34,7
29/01/2020,17,21,32,36,37,3
01/02/2020,1,18,19,34,40,2
05/02/2020,6,14,25,29,42,13
08/02/2020,4,12,15,33,42,3
12/02/2020,10,15,20,32,41,14
15/02/2020,5,8,10,13,20,8
19/02/2020,1,14,18,22,43,6
22/02/2020,19,20,24,34,43,5
26/02/2020,5,8,12,17,43,9
29/02/2020,5,23,26,32,38,11
04/03/2020,4,9,14,31,34,15
07/03/2020,1,4,8,11,36,9
11/03/2020,8,19,25,36,38,6
14/03/2020,11,20,21,38,40,9
18/03/2020,2,3,4,5,29,12
21/03/2020,4,9,20,35,43,5
29/04/2020,5,24,27,32,35,15
02/05/2020,8,11,15,35,40,14
06/05/2020,9,17,28,31,40,2
09/05/2020,24,30,37,38,40,7
13/05/2020,6,10,14,22,39,14
16/05/2020,16,18,26,37,42,2
20/05/2020,3,7,12,13,40,13
23/05/2020,2,11,26,32,41,5
27/05/2020,4,8,18,25,29,7
30/05/2020,1,7,14,35,43,12
03/06/2020,9,12,23,33,36,7
06/06/2020,2,7,9,12,34,16
10/06/2020,7,14,16,18,36,11
13/06/2020,13,25,30,36,41,7
17/06/2020,1,3,8,28,41,15
20/06/2020,5,14,28,31,39,10
24/06/2020,5,29,33,34,39,9
27/06/2020,8,12,16,21,27,16
01/07/2020,1,8,14,23,40,11
04/07/2020,3,30,32,38,41,6
08/07/2020,22,34,36,37,43,12
11/07/2020,10,13,22,26,42,5
15/07/2020,4,5,13,16,41,2
18/07/2020,5,6,7,28,32,16
22/07/2020,2,22,24,27,37,6
25/07/2020,5,12,25,26,43,7
29/07/2020,2,8,14,19,28,7
01/08/2020,7,24,29,30,38,5
05/08/2020,18,24,28,36,40,5
08/08/2020,4,11,22,25,26,8
12/08/2020,1,13,24,27,39,16
15/08/2020,13,29,30,40,42,10
19/08/2020,2,7,14,25,31,10
22/08/2020,7,18,23,31,36,14
26/08/2020,8,17,26,27,31,11
29/08/2020,10,18,21,24,43,16
02/09/2020,3,19,20,21,28,13
05/09/2020,2,10,27,30,31,10
09/09/2020,7,11,16,30,35,3
12/09/2020,10,11,37,40,41,9
16/09/2020,2,19,22,25,37,15
19/09/2020,6,14,21,28,35,2
23/09/2020,10,20,21,34,36,3
26/09/2020,1,5,18,38,41,10
30/09/2020,1,9,13,16,30,5
03/10/2020,9,17,28,35,38,1
07/10/2020,13,22,27,40,41,5
10/10/2020,1,2,15,36,39,4
14/10/2020,5,8,11,16,32,13
17/10/2020,2,21,27,36,40,15
21/10/2020,1,3,26,33,34,10
24/10/2020,19,20,28,40,42,13
28/10/2020,9,19,20,36,37,12
31/10/2020,1,2,5,16,23,11
04/11/2020,22,26,29,30,39,7
07/11/2020,22,30,32,40,42,12
11/11/2020,3,5,11,25,29,6
14/11/2020,12,19,20,33,37,14
18/11/2020,17,20,26,35,40,13
21/11/2020,6,18,34,40,43,16
25/11/2020,2,21,22,30,34,7
28/11/2020,7,15,23,30,32,15
02/12/2020,7,19,27,31,36,12
05/12/2020,5,13,19,21,25,13
09/12/2020,5,10,21,28,42,16
12/12/2020,1,3,12,15,23,9
16/12/2020,9,24,25,27,40,6
19/12/2020,1,8,14,28,34,13
23/12/2020,5,12,23,28,35,14
26/12/2020,12,19,24,37,42,3
30/12/2020,5,19,24,27,29,4
02/01/2021,16,21,24,26,33,8
06/01/2021,6,29,37,39,43,13
09/01/2021,8,28,33,41,43,4
13/01/2021,1,14,36,37,40,8
16/01/2021,7,14,18,27,28,4
20/01/2021,17,24,26,28,40,16
23/01/2021,7,15,22,25,32,9
27/01/2021,14,19,21,22,23,2
30/01/2021,1,10,11,23,33,10
03/02/2021,6,13,17,33,38,12
06/02/2021,7,15,23,29,35,8
10/02/2021,4,15,31,36,40,6
13/02/2021,3,4,5,7,21,16
17/02/2021,11,21,22,38,42,4
20/02/2021,4,6,17,24,25,14
24/02/2021,5,7,8,12,25,1
27/02/2021,6,17,22,30,42,5
03/03/2021,6,8,15,32,33,13
06/03/2021,1,13,16,19,20,2
10/03/2021,1,4,21,27,33,3
13/03/2021,4,6,27,35,39,2
17/03/2021,14,28,33,34,35,15
20/03/2021,10,16,23,31,43,12
24/03/2021,2,20,32,37,43,13
27/03/2021,13,20,25,30,35,4
31/03/2021,5,7,11,17,22,3
03/04/2021,2,23,30,33,40,16
07/04/2021,4,31,37,41,42,5
10/04/2021,17,18,36,37,42,2
14/04/2021,27,31,32,42,43,1
17/04/2021,5,7,11,16,29,5
21/04/2021,3,12,19,20,24,2
24/04/2021,6,10,25,31,36,16
28/04/2021,3,19,34,37,43,7
01/05/2021,22,23,27,28,30,3
05/05/2021,2,5,10,23,34,7
08/05/2021,4,8,9,28,37,11
12/05/2021,4,23,28,29,31,16
15/05/2021,3,5,25,30,42,8
19/05/2021,9,12,16,21,30,1
22/05/2021,8,29,32,34,42,5
26/05/2021,3,9,12,34,35,13
29/05/2021,8,12,18,40,43,4
02/06/2021,1,15,22,36,37,13
05/06/2021,1,4,5,16,30,7
09/06/2021,7,14,20,34,41,4
12/06/2021,9,15,25,27,33,13
16/06/2021,7,8,21,30,42,2
19/06/2021,1,5,8,14,40,8
23/06/2021,6,19,20,37,38,10
26/06/2021,6,21,22,34,36,10
30/06/2021,26,29,39,42,43,4
03/07/2021,21,22,23,33,41,8
07/07/2021,5,9,16,29,42,11
10/07/2021,8,15,30,35,36,3
14/07/2021,7,8,18,34,42,8
17/07/2021,14,18,20,32,33,4
21/07/2021,7,9,15,16,26,11
24/07/2021,21,22,29,30,38,11
28/07/2021,6,22,28,32,36,2
31/07/2021,1,27,28,34,37,11
04/08/2021,6,10,15,33,42,16
07/08/2021,14,18,20,39,41,5
11/08/2021,2,9,24,26,42,5
14/08/2021,10,14,32,35,42,13
18/08/2021,8,12,15,31,38,14
21/08/2021,12,14,18,37,40,2
25/08/2021,7,18,20,22,34,11
28/08/2021,8,18,21,30,43,5
01/09/2021,1,7,9,31,40,13
04/09/2021,22,30,31,34,41,16
08/09/2021,8,14,25,31,34,6
11/09/2021,8,9,25,32,41,1
15/09/2021,15,20,34,35,38,13
18/09/2021,2,10,11,18,23,10
22/09/2021,14,19,40,41,43,2
25/09/2021,9,17,39,41,43,1
29/09/2021,20,28,35,37,39,3
02/10/2021,1,16,24,36,42,11
06/10/2021,5,20,22,32,35,16
09/10/2021,5,15,27,34,35,4
13/10/2021,1,2,11,15,33,12
16/10/2021,2,8,11,13,22,15
20/10/2021,11,14,15,22,25,16
23/10/2021,2,5,7,20,34,14
27/10/2021,12,14,18,28,40,8
30/10/2021,17,19,21,24,40,11
03/11/2021,7,13,17,21,36,1
06/11/2021,4,5,29,37,42,13
10/11/2021,18,35,37,39,42,13
13/11/2021,1,6,16,22,31,16
17/11/2021,6,7,9,18,35,6
20/11/2021,12,15,22,26,28,7
24/11/2021,17,25,29,34,36,12
27/11/2021,9,13,24,29,38,9
01/12/2021,13,15,16,24,43,13
04/12/2021,9,11,22,26,42,15
08/12/2021,1,4,6,12,22,10
11/12/2021,2,8,20,35,38,3
15/12/2021,1,15,20,31,35,15
18/12/2021,2,18,22,24,28,4
22/12/2021,5,11,29,30,43,14
25/12/2021,2,5,16,24,39,15
29/12/2021,8,24,34,38,42,11
01/01/2022,17,19,20,21,26,13
05/01/2022,10,33,36,40,43,16
08/01/2022,8,11,30,31,38,7
12/01/2022,1,2,11,34,41,10
15/01/2022,4,13,20,27,42,1
19/01/2022,14,17,24,25,41,1
22/01/2022,1,5,13,27,30,7
26/01/2022,12,15,28,35,38,1
29/01/2022,8,18,19,22,32,1
02/02/2022,3,9,22,23,36,2
05/02/2022,5,9,27,38,42,1
09/02/2022,1,6,24,33,43,8
12/02/2022,1,7,22,28,38,6
16/02/2022,14,18,24,37,43,15
19/02/2022,3,22,27,31,32,10
23/02/2022,7,13,36,38,42,9
26/02/2022,3,8,25,36,38,10
02/03/2022,15,20,26,37,40,13
05/03/2022,1,4,5,29,33,11
09/03/2022,17,18,19,27,37,14
12/03/2022,1,4,10,16,25,15
16/03/2022,1,11,31,33,36,7
19/03/2022,9,27,36,39,43,8
23/03/2022,3,9,37,40,42,11
26/03/2022,19,23,33,34,40,5
30/03/2022,4,6,16,36,37,14
02/04/2022,3,7,8,18,38,7
06/04/2022,11,24,33,42,43,15
09/04/2022,20,27,31,34,41,9
13/04/2022,7,9,16,23,28,12
16/04/2022,1,5,8,17,30,15
20/04/2022,13,16,35,38,42,3
23/04/2022,6,16,28,39,40,2
27/04/2022,4,9,20,25,43,14
30/04/2022,3,5,10,30,40,8
04/05/2022,14,27,34,38,40,14
07/05/2022,4,18,30,41,43,11
11/05/2022,21,26,27,30,31,2
14/05/2022,5,7,20,26,33,14
18/05/2022,15,20,27,38,42,3
21/05/2022,13,19,21,25,36,12
25/05/2022,5,10,14,37,40,6
28/05/2022,6,20,25,29,41,4
01/06/2022,13,17,25,26,35,4
04/06/2022,20,24,32,35,37,5
08/06/2022,5,6,17,22,31,10
11/06/2022,22,24,28,31,43,4
15/06/2022,1,7,12,32,43,1
18/06/2022,1,14,18,19,26,10
22/06/2022,16,28,30,32,39,11
25/06/2022,7,9,14,28,39,9
29/06/2022,9,24,29,30,32,14
02/07/2022,7,8,11,12,38,5
06/07/2022,1,8,12,13,42,5
09/07/2022,1,8,21,29,35,6
13/07/2022,16,23,31,39,43,9
16/07/2022,7,9,11,28,34,5
20/07/2022,3,11,29,39,40,13
23/07/2022,2,8,11,19,26,6
27/07/2022,2,20,26,30,43,11
30/07/2022,4,14,19,25,31,15
03/08/2022,6,8,13,32,43,15
06/08/2022,6,13,33,35,41,11
10/08/2022,1,14,15,22,36,11
13/08/2022,5,6,18,19,24,9
17/08/2022,3,8,15,22,33,13
20/08/2022,12,14,15,20,43,10
24/08/2022,14,18,21,26,36,7
27/08/2022,1,13,16,22,25,8
31/08/2022,15,16,26,34,39,6
03/09/2022,2,5,23,27,36,12
07/09/2022,14,15,17,23,39,6
10/09/2022,3,9,10,19,35,8
14/09/2022,7,13,19,32,42,7
17/09/2022,3,25,30,33,34,1
21/09/2022,2,4,20,21,35,3
24/09/2022,5,8,19,30,33,1
28/09/2022,2,4,12,21,33,2
01/10/2022,3,5,28,37,42,15
05/10/2022,1,3,8,31,35,16
08/10/2022,1,3,15,19,29,13
12/10/2022,12,21,25,37,41,3
15/10/2022,9,21,24,39,40,12
19/10/2022,5,8,20,24,37,4
22/10/2022,2,4,6,9,25,13
26/10/2022,9,12,16,17,21,14
29/10/2022,2,10,13,32,42,1
02/11/2022,20,28,30,31,36,8
05/11/2022,4,19,22,36,43,10
09/11/2022,5,14,17,31,34,3
12/11/2022,10,11,25,27,33,16
16/11/2022,7,9,17,38,39,9
19/11/2022,23,26,27,33,37,3
23/11/2022,5,9,13,22,43,12
26/11/2022,4,9,30,31,34,16
30/11/2022,14,16,33,38,41,10
03/12/2022,14,19,21,32,33,1
07/12/2022,11,14,28,29,32,3
10/12/2022,6,9,28,35,41,7
14/12/2022,2,15,23,33,43,4
17/12/2022,1,10,12,39,40,14
21/12/2022,24,27,30,31,39,12
24/12/2022,7,9,23,37,40,14
28/12/2022,2,8,17,20,25,7
31/12/2022,3,11,27,31,32,12
04/01/2023,12,32,36,37,42,11
07/01/2023,17,25,32,33,40,3
11/01/2023,2,17,24,37,42,11
14/01/2023,2,23,25,33,34,10
18/01/2023,10,29,30,32,36,4
21/01/2023,2,7,12,21,37,9
25/01/2023,5,7,10,22,31,12
28/01/2023,2,14,15,28,40,5
01/02/2023,8,12,16,26,39,6
04/02/2023,1,10,14,32,39,10
08/02/2023,3,8,12,13,43,7
11/02/2023,8,11,17,29,42,13
15/02/2023,7,15,22,25,35,9
18/02/2023,7,20,25,30,38,4
22/02/2023,6,8,13,14,22,12
25/02/2023,12,14,20,32,35,9
01/03/2023,16,23,36,39,42,11
04/03/2023,4,5,12,24,33,12
08/03/2023,24,26,35,36,41,7
11/03/2023,9,13,15,27,31,15
15/03/2023,2,4,18,23,39,5
18/03/2023,2,15,16,30,37,3
22/03/2023,1,16,21,34,35,14
25/03/2023,4,17,24,27,40,4
29/03/2023,21,22,23,31,39,6
01/04/2023,1,4,11,22,25,6
05/04/2023,4,5,7,36,37,1
08/04/2023,3,5,12,19,20,5
12/04/2023,11,20,24,29,35,2
15/04/2023,19,21,28,29,30,12
19/04/2023,15,18,19,32,36,8
22/04/2023,17,18,32,37,43,6
26/04/2023,4,10,13,27,43,2
29/04/2023,7,20,26,33,39,7
03/05/2023,9,13,22,39,41,16
06/05/2023,8,26,27,28,42,7
10/05/2023,13,14,15,25,32,14
13/05/2023,6,14,33,35,39,14
17/05/2023,3,5,15,25,29,11
20/05/2023,3,4,23,35,42,7
24/05/2023,1,6,27,29,39,8
27/05/2023,6,10,21,24,33,2
31/05/2023,2,5,23,40,43,7
03/06/2023,9,27,30,39,41,10
07/06/2023,1,9,16,19,31,16
10/06/2023,9,13,21,38,43,11
14/06/2023,3,11,14,39,40,1
17/06/2023,9,11,13,35,43,7
21/06/2023,9,25,27,31,42,4
24/06/2023,8,15,23,24,42,14
28/06/2023,12,16,32,38,43,11
01/07/2023,14,26,27,35,37,3
05/07/2023,4,16,17,23,29,3
08/07/2023,13,15,30,38,41,3
12/07/2023,10,27,31,35,43,13
15/07/2023,2,15,27,33,35,16
19/07/2023,2,13,18,19,32,13
22/07/2023,14,15,21,40,42,11
26/07/2023,5,6,17,27,41,13
29/07/2023,5,9,11,14,24,4
02/08/2023,5,19,24,25,37,13
05/08/2023,4,7,19,23,32,2
09/08/2023,3,12,22,24,25,6
12/08/2023,19,20,29,31,40,11
16/08/2023,3,10,20,31,41,6
19/08/2023,5,10,11,25,33,4
23/08/2023,4,15,23,24,33,12
26/08/2023,5,14,22,37,43,13
30/08/2023,4,8,16,27,31,7
02/09/2023,1,3,20,29,39,1
06/09/2023,9,33,34,41,43,7
09/09/2023,15,18,22,34,42,3
13/09/2023,7,11,28,38,39,2
16/09/2023,6,29,32,39,43,16
20/09/2023,2,3,10,21,23,14
23/09/2023,13,20,24,30,42,12
27/09/2023,2,20,25,36,41,11
30/09/2023,10,15,19,21,41,10
04/10/2023,6,22,29,30,31,10
07/10/2023,6,23,25,37,40,15
11/10/2023,3,5,12,23,36,1
14/10/2023,4,15,26,27,29,9
18/10/2023,20,21,26,29,40,9
21/10/2023,12,18,25,34,43,13
25/10/2023,15,22,25,28,33,7
28/10/2023,5,20,33,36,43,10
01/11/2023,5,9,19,30,37,6
04/11/2023,1,2,12,30,36,1
08/11/2023,3,11,18,27,33,9
11/11/2023,8,11,13,25,32,6
15/11/2023,5,16,26,28,38,8
18/11/2023,3,19,26,27,29,6
22/11/2023,15,18,19,30,42,2
25/11/2023,9,11,19,28,41,9
29/11/2023,7,11,25,32,35,1
02/12/2023,11,14,16,18,19,15
06/12/2023,16,25,26,35,39,14
09/12/2023,7,10,12,35,41,4
13/12/2023,14,25,27,30,42,8
16/12/2023,4,5,17,18,38,3
20/12/2023,1,6,7,17,21,13
23/12/2023,7,11,25,28,30,9
27/12/2023,3,9,22,26,27,1
30/12/2023,8,13,21,32,33,8
03/01/2024,6,20,31,36,41,5
06/01/2024,22,27,37,40,42,14
10/01/2024,2,11,16,28,43,3
13/01/2024,1,3,23,27,39,7
17/01/2024,4,25,26,27,30,4
20/01/2024,19,23,32,36,39,11
24/01/2024,2,20,21,27,38,11
27/01/2024,14,24,33,35,36,7
31/01/2024,2,14,20,26,28,12
03/02/2024,18,20,39,40,43,14
07/02/2024,2,11,26,28,41,5
10/02/2024,6,14,31,34,42,7
14/02/2024,1,8,21,27,35,3
17/02/2024,18,21,34,38,43,14
21/02/2024,1,7,11,18,34,11
24/02/2024,12,22,29,41,42,15
28/02/2024,4,14,23,34,42,7
02/03/2024,6,17,26,38,40,3
06/03/2024,19,25,26,39,41,15
09/03/2024,10,14,23,25,42,4
13/03/2024,6,20,24,27,42,16
16/03/2024,1,12,25,27,32,8
20/03/2024,17,22,24,35,40,8
23/03/2024,9,23,29,32,34,7
27/03/2024,2,3,8,11,32,16
30/03/2024,7,21,30,35,36,11
03/04/2024,14,20,29,37,41,14
06/04/2024,2,24,25,26,30,9
10/04/2024,3,5,11,12,40,2
13/04/2024,2,16,31,37,43,5
17/04/2024,25,26,31,37,38,4
20/04/2024,2,12,31,32,35,3
24/04/2024,19,20,26,29,43,9
27/04/2024,11,13,21,23,24,6
01/05/2024,20,23,25,31,36,12
04/05/2024,8,10,28,30,38,10
08/05/2024,13,16,23,26,30,16
11/05/2024,4,11,16,21,39,8
15/05/2024,2,4,10,27,41,2
18/05/2024,12,19,28,35,42,4
22/05/2024,5,11,14,21,33,6
25/05/2024,12,18,39,40,41,3
29/05/2024,7,8,14,15,19,6
01/06/2024,16,22,26,27,37,9
05/06/2024,3,19,24,38,39,5
08/06/2024,5,16,17,29,38,7
12/06/2024,4,9,15,20,34,1
15/06/2024,6,10,18,40,43,16
19/06/2024,12,17,22,23,39,13
22/06/2024,4,7,21,25,33,16
26/06/2024,6,13,20,36,43,9
29/06/2024,4,5,16,21,32,14
03/07/2024,9,19,27,32,43,2
06/07/2024,14,18,26,32,42,1
10/07/2024,3,11,21,22,36,11
13/07/2024,6,7,18,25,41,16
17/07/2024,16,33,36,39,43,6
20/07/2024,2,3,10,29,43,16
24/07/2024,6,29,31,36,41,6
27/07/2024,19,25,32,38,41,13
31/07/2024,2,24,32,38,42,10
03/08/2024,5,21,24,34,43,3
07/08/2024,1,21,36,41,42,16
10/08/2024,1,12,18,26,39,11
14/08/2024,3,9,13,21,27,7
17/08/2024,4,10,15,33,37,1
21/08/2024,20,21,23,32,42,14
24/08/2024,1,3,21,30,39,15
28/08/2024,6,7,11,27,42,15
31/08/2024,1,8,9,22,34,2
04/09/2024,12,17,22,36,43,11
07/09/2024,6,19,23,27,35,10
11/09/2024,6,12,24,25,28,15
14/09/2024,31,32,39,41,43,11
18/09/2024,14,18,22,33,41,13
21/09/2024,2,16,18,35,42,6
25/09/2024,1,8,11,33,35,6
28/09/2024,2,12,15,35,37,9
02/10/2024,5,16,17,27,36,4
05/10/2024,5,12,17,37,42,12
09/10/2024,9,21,36,37,41,9
12/10/2024,1,9,21,39,41,15
16/10/2024,10,14,19,24,39,5
19/10/2024,18,19,26,29,40,1
23/10/2024,1,4,13,34,43,16
26/10/2024,1,4,11,21,43,4
30/10/2024,6,14,15,29,42,14
02/11/2024,1,9,19,29,39,6
06/11/2024,3,4,20,30,37,12
09/11/2024,13,28,29,31,41,4
13/11/2024,2,3,9,10,15,16
16/11/2024,8,15,21,35,41,2
20/11/2024,9,17,22,36,38,16
23/11/2024,5,13,24,25,36,9
27/11/2024,5,7,15,20,24,16
30/11/2024,10,12,22,23,34,13
04/12/2024,11,14,31,39,41,5
07/12/2024,9,11,34,36,37,15
11/12/2024,5,12,13,17,43,16
14/12/2024,15,22,26,32,39,12
18/12/2024,4,12,28,36,43,13
21/12/2024,10,12,16,21,41,13
25/12/2024,5,8,22,26,38,8
28/12/2024,1,4,12,14,34,6
01/01/2025,17,28,33,39,43,6
04/01/2025,10,13,18,24,26,9
08/01/2025,18,24,27,37,43,11
11/01/2025,2,28,31,32,34,6
15/01/2025,7,16,32,33,43,1
18/01/2025,14,19,30,38,41,10
22/01/2025,12,15,28,34,37,1
